512 1.443334
1024 0.660349
1536 0.542429
2048 0.504695
2560 0.509412
3072 0.507054
3584 0.525921
4096 78.484829
4608 1.172119
5120 0.554221
5632 0.523562
6144 0.523562
6656 0.523562
7168 0.528279
7680 0.542429
8192 65.360394
8704 1.103726
9216 0.542429
9728 0.525921
10240 0.521204
10752 0.516487
11264 0.521204
11776 0.535354
12288 62.704848
12800 1.061275
13312 0.563655
13824 0.523562
14336 0.516487
14848 0.516487
15360 0.518846
15872 0.537713
16384 61.815736
16896 1.084859
17408 0.530638
17920 0.525921
18432 0.523562
18944 0.523562
19456 0.528279
19968 0.554221
20480 63.351047
20992 1.058917
21504 0.525921
22016 0.518846
22528 0.518846
23040 0.518846
23552 0.521204
24064 0.540071
24576 63.353405
25088 1.037691
25600 0.525921
26112 0.518846
26624 0.521204
27136 0.516487
27648 0.521204
28160 0.542429
28672 65.183515
29184 1.075425
29696 0.547146
30208 0.528279
30720 0.523562
31232 0.535354
31744 0.573089
32256 0.556580
32768 64.527883
33280 1.061275
33792 0.551863
34304 0.525921
34816 0.523562
35328 0.525921
35840 0.530638
36352 0.544788
36864 64.266102
37376 1.070709
37888 0.525921
38400 0.523562
38912 0.528279
39424 0.518846
39936 0.523562
40448 0.542429
40960 96.160955
41472 1.212212
41984 0.528279
42496 0.516487
43008 0.521204
43520 0.518846
44032 0.518846
44544 0.547146
45056 69.221077
45568 1.082501
46080 0.542429
46592 0.523562
47104 0.525921
47616 0.525921
48128 0.532996
48640 0.563655
49152 65.320302
49664 1.058917
50176 0.523562
50688 0.516487
