512 1.330131
1024 0.691008
1536 0.558938
2048 0.516487
2560 0.509412
3072 0.511770
3584 0.556580
4096 75.638254
4608 1.299472
5120 0.535354
5632 0.521204
6144 0.523562
6656 0.521204
7168 0.521204
7680 0.580164
8192 66.357993
8704 1.113160
9216 0.554221
9728 0.521204
10240 0.521204
10752 0.518846
11264 0.525921
11776 0.537713
12288 63.030306
12800 1.082501
13312 0.551863
13824 0.521204
14336 0.521204
14848 0.521204
15360 0.521204
15872 0.542429
16384 62.145910
16896 1.106084
17408 0.575447
17920 0.532996
18432 0.528279
18944 0.530638
19456 0.540071
19968 0.556580
20480 62.575137
20992 0.999957
21504 0.532996
22016 0.523562
22528 0.523562
23040 0.521204
23552 0.523562
24064 0.542429
24576 63.101058
25088 1.056558
25600 0.528279
26112 0.518846
26624 0.521204
27136 0.518846
27648 0.523562
28160 0.544788
28672 65.192949
29184 1.091934
29696 0.537713
30208 0.537713
30720 0.537713
31232 0.535354
31744 0.537713
32256 0.566013
32768 258.435221
33280 1.905578
33792 0.936280
34304 0.837228
34816 0.882038
35328 0.837228
35840 0.882038
36352 0.882038
36864 2379.936480
37376 4.381887
37888 0.700442
38400 0.537713
38912 0.528279
39424 0.535354
39936 0.540071
40448 0.554221
40960 173.412347
41472 1.294756
41984 0.566013
42496 0.532996
43008 0.532996
43520 0.525921
44032 0.535354
44544 0.558938
45056 78.272574
45568 1.231079
46080 0.540071
46592 0.521204
47104 0.521204
47616 0.523562
48128 0.528279
48640 0.554221
49152 67.190504
49664 1.091934
50176 0.556580
50688 0.521204
