512 1.853104
1024 1.033564
1536 0.752916
2048 0.681574
2560 0.672730
3072 0.681574
3584 0.727563
4096 131.275010
4608 1.764075
5120 0.705158
5632 0.672730
6144 0.687470
6656 0.668014
7168 0.687470
7680 0.696314
8192 108.330243
8704 1.677994
9216 0.715771
9728 0.669782
10240 0.676858
10752 0.684522
11264 0.684522
11776 0.699262
12288 223.052900
12800 2.041775
13312 0.702210
13824 0.681574
14336 0.678626
14848 0.681574
15360 0.678626
15872 0.724615
16384 103.115255
16896 1.586017
17408 0.729332
17920 0.690418
18432 0.693366
18944 0.692187
19456 0.698083
19968 0.709875
20480 85.847130
20992 1.432721
21504 0.739355
22016 0.678626
22528 0.684522
23040 0.669782
23552 0.678626
24064 0.695135
24576 107.250690
25088 1.853104
25600 0.712823
26112 0.675678
26624 0.675678
27136 0.684522
27648 0.672730
28160 0.721667
28672 91.379911
29184 1.417981
29696 0.699262
30208 0.684522
30720 0.724615
31232 0.665066
31744 0.687470
32256 0.709875
32768 234.914417
33280 2.659673
33792 0.755864
34304 0.684522
34816 0.678626
35328 0.678626
35840 0.684522
36352 0.718719
36864 175.148122
37376 1.611369
37888 0.773552
38400 0.696314
38912 0.706927
39424 0.703979
39936 0.709875
40448 0.721667
40960 100.709698
41472 1.554768
41984 0.712823
42496 0.681574
43008 0.696314
43520 0.678626
44032 0.678626
44544 0.709875
45056 86.757469
45568 1.366097
46080 0.693366
46592 0.681574
47104 0.687470
47616 0.675678
48128 0.681574
48640 0.732280
49152 85.279938
49664 1.376710
50176 0.747020
50688 0.675678
