512 1.337207
1024 0.721667
1536 0.549505
2048 0.507054
2560 0.511770
3072 0.514129
3584 0.532996
4096 140.957966
4608 2.139059
5120 0.799494
5632 0.679216
6144 0.650915
6656 0.735817
7168 0.778268
7680 0.752326
8192 169.603549
8704 1.801809
9216 0.966940
9728 0.945714
10240 0.834870
10752 0.926847
11264 0.917413
11776 0.981090
12288 131.817440
12800 1.879636
13312 0.912697
13824 0.844303
14336 0.874962
14848 0.785344
15360 0.804211
15872 0.785344
16384 102.604074
16896 1.693323
17408 0.985807
17920 0.962223
18432 0.905621
18944 0.915055
19456 0.915055
19968 0.952789
20480 92.354516
20992 1.292397
21504 0.540071
22016 0.525921
22528 0.516487
23040 0.528279
23552 0.528279
24064 0.554221
24576 70.454515
25088 1.120235
25600 0.570730
26112 0.523562
26624 0.521204
27136 0.516487
27648 0.521204
28160 0.537713
28672 67.754159
29184 1.094293
29696 0.540071
30208 0.525921
30720 0.523562
31232 0.521204
31744 0.525921
32256 0.554221
32768 66.605624
33280 1.063633
33792 0.535354
34304 0.525921
34816 0.514129
35328 0.514129
35840 0.518846
36352 0.542429
36864 66.339126
37376 1.028258
37888 0.537713
38400 0.535354
38912 0.525921
39424 0.532996
39936 0.525921
40448 0.554221
40960 64.841549
41472 1.018824
41984 0.532996
42496 0.516487
43008 0.523562
43520 0.523562
44032 0.523562
44544 0.554221
45056 63.775557
45568 1.025899
46080 0.535354
46592 0.518846
47104 0.523562
47616 0.521204
48128 0.523562
48640 0.540071
49152 63.964228
49664 1.016466
50176 0.535354
50688 0.528279
