512 1.448051
1024 0.700442
1536 0.523562
2048 0.507054
2560 0.509412
3072 0.509412
3584 0.566013
4096 74.977905
4608 1.351357
5120 0.556580
5632 0.518846
6144 0.514129
6656 0.514129
7168 0.518846
7680 0.532996
8192 65.037295
8704 1.282964
9216 0.547146
9728 0.525921
10240 0.518846
10752 0.523562
11264 0.518846
11776 0.542429
12288 62.101101
12800 1.228721
13312 0.575447
13824 0.525921
14336 0.528279
14848 0.528279
15360 0.530638
15872 0.547146
16384 62.127043
16896 1.150894
17408 0.518846
17920 0.523562
18432 0.516487
18944 0.516487
19456 0.516487
19968 0.551863
20480 63.591603
20992 1.124952
21504 0.551863
22016 0.525921
22528 0.523562
23040 0.525921
23552 0.525921
24064 0.544788
24576 63.393498
25088 1.162686
25600 0.544788
26112 0.530638
26624 0.523562
27136 0.525921
27648 0.530638
28160 0.551863
28672 65.508973
29184 1.129668
29696 0.523562
30208 0.521204
30720 0.511770
31232 0.511770
31744 0.518846
32256 0.537713
32768 64.273177
33280 1.136744
33792 0.521204
34304 0.528279
34816 0.530638
35328 0.523562
35840 0.528279
36352 0.547146
36864 64.124598
37376 1.084859
37888 0.535354
38400 18.666649
38912 0.912697
39424 0.516487
39936 0.521204
40448 0.540071
40960 69.341355
41472 1.132027
41984 0.537713
42496 0.518846
43008 0.516487
43520 0.514129
44032 0.528279
44544 0.540071
45056 64.792023
45568 1.143819
46080 0.532996
46592 0.523562
47104 0.514129
47616 0.511770
48128 0.525921
48640 0.535354
49152 71.680877
49664 1.723982
50176 0.702800
50688 0.714592
