512 1.365507
1024 0.674499
1536 0.540071
2048 0.535354
2560 0.532996
3072 0.537713
3584 0.610823
4096 78.805570
4608 1.353715
5120 0.556580
5632 0.535354
6144 0.537713
6656 0.540071
7168 0.542429
7680 0.561297
8192 65.659910
8704 1.032974
9216 0.580164
9728 0.537713
10240 0.537713
10752 0.535354
11264 0.532996
11776 0.556580
12288 63.150584
12800 1.143819
13312 0.566013
13824 0.532996
14336 0.532996
14848 0.535354
15360 0.542429
15872 0.549505
16384 62.254396
16896 0.995240
17408 0.573089
17920 0.542429
18432 0.537713
18944 0.544788
19456 0.540071
19968 0.561297
20480 62.827485
20992 0.990523
21504 0.556580
22016 0.577805
22528 0.542429
23040 0.532996
23552 0.540071
24064 0.563655
24576 64.638727
25088 1.021182
25600 0.540071
26112 0.532996
26624 0.537713
27136 0.532996
27648 0.530638
28160 0.561297
28672 66.240073
29184 0.964581
29696 0.566013
30208 0.542429
30720 0.544788
31232 0.547146
31744 0.547146
32256 0.561297
32768 64.714196
33280 0.999957
33792 0.547146
34304 0.542429
34816 0.549505
35328 0.547146
35840 0.547146
36352 0.573089
36864 64.115165
37376 1.044766
37888 0.542429
38400 0.542429
38912 0.542429
39424 0.542429
39936 0.542429
40448 0.568372
40960 64.652878
41472 0.999957
41984 0.563655
42496 0.551863
43008 0.554221
43520 0.551863
44032 0.556580
44544 0.568372
45056 64.817965
45568 1.056558
46080 0.563655
46592 0.547146
47104 0.547146
47616 0.542429
48128 0.549505
48640 0.570730
49152 64.190633
49664 1.014107
50176 0.537713
50688 0.532996
