512 1.596629
1024 0.660349
1536 0.575447
2048 0.516487
2560 0.518846
3072 0.523562
3584 0.594314
4096 87.375956
4608 1.485785
5120 0.540071
5632 0.518846
6144 0.521204
6656 0.518846
7168 0.528279
7680 0.544788
8192 70.838932
8704 1.063633
9216 0.561297
9728 0.525921
10240 0.523562
10752 0.525921
11264 0.521204
11776 0.551863
12288 63.068040
12800 1.160327
13312 0.561297
13824 0.532996
14336 0.532996
14848 0.530638
15360 0.537713
15872 0.561297
16384 61.933655
16896 1.007032
17408 0.561297
17920 0.528279
18432 0.528279
18944 0.525921
19456 0.525921
19968 0.551863
20480 62.702490
20992 0.988165
21504 0.532996
22016 0.523562
22528 0.525921
23040 0.523562
23552 0.525921
24064 0.556580
24576 63.584527
25088 0.999957
25600 0.535354
26112 0.523562
26624 0.525921
27136 0.523562
27648 0.523562
28160 0.551863
28672 65.846222
29184 1.065992
29696 0.528279
30208 0.518846
30720 0.518846
31232 0.518846
31744 0.521204
32256 0.542429
32768 64.518449
33280 0.999957
33792 0.528279
34304 0.528279
34816 0.516487
35328 0.518846
35840 0.528279
36352 0.542429
36864 63.943003
37376 1.025899
37888 0.551863
38400 0.528279
38912 0.530638
39424 0.532996
39936 0.530638
40448 0.556580
40960 63.893476
41472 0.999957
41984 0.532996
42496 0.523562
43008 0.530638
43520 0.528279
44032 0.528279
44544 0.554221
45056 79.244231
45568 1.603705
46080 0.874962
46592 0.549505
47104 0.528279
47616 0.525921
48128 0.525921
48640 0.547146
49152 70.511116
49664 1.087217
50176 0.532996
50688 0.528279
