512 1.351357
1024 0.674499
1536 0.591956
2048 0.523562
2560 0.511770
3072 0.518846
3584 0.544788
4096 73.911913
4608 1.341923
5120 0.582522
5632 0.532996
6144 0.528279
6656 0.523562
7168 0.532996
7680 0.547146
8192 66.067911
8704 1.110801
9216 0.561297
9728 0.525921
10240 0.528279
10752 0.528279
11264 0.523562
11776 0.542429
12288 63.299162
12800 1.025899
13312 0.573089
13824 0.528279
14336 0.528279
14848 0.523562
15360 0.528279
15872 0.549505
16384 62.270905
16896 1.113160
17408 0.540071
17920 0.530638
18432 0.528279
18944 0.523562
19456 0.525921
19968 0.549505
20480 64.643444
20992 1.087217
21504 0.532996
22016 0.530638
22528 0.523562
23040 0.525921
23552 0.523562
24064 0.551863
24576 63.751973
25088 1.070709
25600 0.540071
26112 0.530638
26624 0.535354
27136 0.537713
27648 0.530638
28160 0.558938
28672 65.261342
29184 1.080142
29696 0.537713
30208 0.521204
30720 0.530638
31232 0.530638
31744 0.525921
32256 0.558938
32768 64.374588
33280 1.070709
33792 0.535354
34304 0.523562
34816 0.528279
35328 0.525921
35840 0.530638
36352 0.556580
36864 64.244876
37376 1.087217
37888 0.542429
38400 0.525921
38912 0.525921
39424 0.523562
39936 0.535354
40448 0.544788
40960 64.351004
41472 1.070709
41984 0.540071
42496 0.535354
43008 0.523562
43520 0.530638
44032 0.537713
44544 0.551863
45056 64.391096
45568 1.073067
46080 0.532996
46592 0.542429
47104 0.530638
47616 0.523562
48128 0.537713
48640 0.551863
49152 64.176483
49664 1.096651
50176 0.566013
50688 0.549505
