512 1.415033
1024 0.608464
1536 0.551863
2048 6.775652
2560 0.606106
3072 0.556580
3584 0.580164
4096 108.919840
4608 1.240513
5120 0.573089
5632 0.558938
6144 0.547146
6656 0.554221
7168 0.544788
7680 0.570730
8192 68.857885
8704 1.037691
9216 0.561297
9728 0.540071
10240 0.542429
10752 0.540071
11264 0.535354
11776 0.558938
12288 64.950035
12800 1.570687
13312 0.726384
13824 0.528279
14336 0.535354
14848 0.669782
15360 0.532996
15872 0.558938
16384 84.111946
16896 1.268813
17408 0.591956
17920 0.632048
18432 0.537713
18944 0.617898
19456 0.582522
19968 0.570730
20480 90.526764
20992 1.610780
21504 0.577805
22016 0.617898
22528 0.532996
23040 0.997599
23552 0.523562
24064 0.591956
24576 101.835240
25088 1.617855
25600 0.525921
26112 0.528279
26624 0.521204
27136 0.523562
27648 0.566013
28160 0.556580
28672 108.577874
29184 1.136744
29696 0.582522
30208 0.745251
30720 0.674499
31232 0.707517
31744 0.981090
32256 0.686291
32768 84.677959
33280 1.148535
33792 0.525921
34304 0.525921
34816 0.523562
35328 0.521204
35840 0.525921
36352 0.549505
36864 67.365025
37376 1.028258
37888 0.547146
38400 0.537713
38912 0.535354
39424 0.532996
39936 0.532996
40448 0.551863
40960 64.263743
41472 1.054200
41984 0.528279
42496 0.521204
43008 0.521204
43520 0.528279
44032 0.528279
44544 0.547146
45056 64.122240
45568 1.035333
46080 0.532996
46592 0.525921
47104 0.528279
47616 0.523562
48128 0.528279
48640 0.556580
49152 68.806001
49664 1.231079
50176 0.655632
50688 0.624973
