512 1.525878
1024 0.629690
1536 0.573089
2048 0.556580
2560 0.511770
3072 0.514129
3584 0.535354
4096 74.235012
4608 1.245229
5120 0.542429
5632 0.561297
6144 0.525921
6656 0.525921
7168 0.530638
7680 0.542429
8192 107.047279
8704 1.311264
9216 0.570730
9728 0.521204
10240 0.530638
10752 0.521204
11264 0.523562
11776 0.544788
12288 168.247475
12800 1.841902
13312 0.757043
13824 0.775910
14336 0.827795
14848 0.813644
15360 0.707517
15872 0.825436
16384 203.958203
16896 1.304189
17408 0.556580
17920 0.528279
18432 0.516487
18944 0.530638
19456 0.518846
19968 0.551863
20480 90.743736
20992 1.900862
21504 0.886754
22016 0.554221
22528 0.525921
23040 0.537713
23552 0.528279
24064 0.700442
24576 82.531825
25088 1.320698
25600 0.549505
26112 0.521204
26624 0.525921
27136 0.525921
27648 0.535354
28160 0.551863
28672 68.640914
29184 1.070709
29696 0.537713
30208 0.518846
30720 0.518846
31232 0.516487
31744 0.528279
32256 0.540071
32768 65.563216
33280 1.172119
33792 0.535354
34304 0.516487
34816 0.518846
35328 0.521204
35840 0.528279
36352 0.549505
36864 64.419397
37376 1.028258
37888 0.540071
38400 0.521204
38912 0.521204
39424 0.516487
39936 0.525921
40448 0.556580
40960 65.329735
41472 1.115518
41984 0.525921
42496 0.509412
43008 0.523562
43520 0.518846
44032 0.518846
44544 0.554221
45056 65.332094
45568 1.047125
46080 0.525921
46592 0.523562
47104 0.528279
47616 0.535354
48128 0.540071
48640 0.563655
49152 64.414680
49664 1.068350
50176 0.532996
50688 0.516487
