512 1.752283
1024 0.801852
1536 0.702210
2048 0.666835
2560 0.668014
3072 0.659170
3584 0.690418
4096 94.063168
4608 1.326004
5120 0.732280
5632 0.693366
6144 0.684522
6656 0.693366
7168 0.693366
7680 0.721667
8192 84.570063
8704 1.363149
9216 0.709875
9728 0.684522
10240 0.678626
10752 0.678626
11264 0.690418
11776 0.703979
12288 81.548377
12800 1.242871
13312 0.773552
13824 0.690418
14336 0.695135
14848 0.678626
15360 0.738176
15872 0.702210
16384 85.116619
16896 1.231079
17408 0.693366
17920 0.687470
18432 0.684522
18944 0.687470
19456 0.681574
19968 0.712823
20480 84.987498
20992 1.225183
21504 0.715771
22016 0.684522
22528 0.684522
23040 0.686291
23552 0.698083
24064 0.721667
24576 82.963410
25088 1.302420
25600 0.712823
26112 0.696314
26624 0.678626
27136 0.681574
27648 0.701031
28160 0.705158
28672 85.263429
29184 1.234027
29696 0.693366
30208 0.687470
30720 0.678626
31232 0.678626
31744 0.681574
32256 0.715771
32768 84.103691
33280 1.262328
33792 0.690418
34304 0.690418
34816 0.675678
35328 0.675678
35840 0.690418
36352 0.709875
36864 83.833656
37376 1.305368
37888 0.696314
38400 0.681574
38912 0.681574
39424 0.678626
39936 0.665066
40448 0.712823
40960 87.716743
41472 1.231079
41984 0.698083
42496 0.684522
43008 0.724615
43520 0.668014
44032 0.681574
44544 0.705158
45056 86.258669
45568 1.269403
46080 0.690418
46592 0.675678
47104 0.678626
47616 0.675678
48128 0.675678
48640 0.721667
49152 85.520494
49664 1.265276
50176 0.693366
50688 0.695135
