512 1.313623
1024 0.683933
1536 0.577805
2048 0.525921
2560 0.504695
3072 0.509412
3584 0.532996
4096 73.006292
4608 1.200420
5120 0.542429
5632 0.530638
6144 0.530638
6656 0.523562
7168 0.530638
7680 0.542429
8192 65.459447
8704 1.103726
9216 0.537713
9728 0.528279
10240 0.525921
10752 0.523562
11264 0.523562
11776 0.540071
12288 130.411840
12800 1.471635
13312 0.547146
13824 0.537713
14336 0.523562
14848 0.530638
15360 0.523562
15872 0.542429
16384 76.140591
16896 1.198062
17408 0.582522
17920 0.523562
18432 0.530638
18944 0.518846
19456 0.525921
19968 0.537713
20480 64.148182
20992 1.186270
21504 0.716950
22016 0.709875
22528 1.058917
23040 0.733459
23552 3.101282
24064 0.912697
24576 78.154655
25088 1.134385
25600 0.532996
26112 0.530638
26624 0.530638
27136 0.528279
27648 0.530638
28160 0.556580
28672 67.082018
29184 1.108443
29696 0.542429
30208 0.521204
30720 0.523562
31232 0.521204
31744 0.521204
32256 0.554221
32768 63.990170
33280 1.068350
33792 0.530638
34304 0.521204
34816 0.532996
35328 0.523562
35840 0.525921
36352 0.544788
36864 63.858101
37376 1.056558
37888 0.525921
38400 0.530638
38912 0.525921
39424 0.535354
39936 0.532996
40448 0.554221
40960 63.360480
41472 1.106084
41984 0.521204
42496 0.511770
43008 0.521204
43520 0.516487
44032 0.509412
44544 0.542429
45056 64.263743
45568 1.023541
46080 0.523562
46592 0.516487
47104 0.525921
47616 0.518846
48128 0.518846
48640 0.542429
49152 63.865176
49664 1.065992
50176 0.525921
50688 0.521204
