512 1.509369
1024 0.787702
1536 0.577805
2048 0.516487
2560 0.504695
3072 0.514129
3584 0.542429
4096 74.725557
4608 1.148535
5120 0.540071
5632 0.523562
6144 0.521204
6656 0.525921
7168 0.528279
7680 0.547146
8192 65.086821
8704 1.134385
9216 0.563655
9728 0.528279
10240 0.525921
10752 0.525921
11264 0.535354
11776 0.544788
12288 62.504385
12800 1.063633
13312 0.556580
13824 0.528279
14336 0.525921
14848 0.540071
15360 0.528279
15872 0.542429
16384 105.731298
16896 1.231079
17408 0.568372
17920 0.521204
18432 0.516487
18944 0.521204
19456 0.518846
19968 0.542429
20480 72.164347
20992 1.120235
21504 0.525921
22016 0.521204
22528 0.518846
23040 0.516487
23552 0.523562
24064 0.537713
24576 63.881684
25088 1.058917
25600 0.577805
26112 0.530638
26624 0.523562
27136 0.521204
27648 0.516487
28160 0.544788
28672 65.431146
29184 1.068350
29696 0.525921
30208 0.525921
30720 0.514129
31232 0.530638
31744 0.521204
32256 0.542429
32768 63.855742
33280 1.084859
33792 0.540071
34304 0.523562
34816 0.523562
35328 0.528279
35840 0.521204
36352 0.566013
36864 63.834517
37376 1.056558
37888 0.528279
38400 0.523562
38912 0.516487
39424 0.516487
39936 0.516487
40448 0.542429
40960 63.950078
41472 1.120235
41984 0.528279
42496 0.532996
43008 0.525921
43520 0.525921
44032 0.525921
44544 0.551863
45056 63.966586
45568 1.056558
46080 0.528279
46592 0.523562
47104 0.514129
47616 0.554221
48128 0.514129
48640 0.540071
49152 64.560900
49664 1.087217
50176 0.551863
50688 0.530638
