512 1.587196
1024 0.660349
1536 0.563655
2048 0.518846
2560 0.514129
3072 0.518846
3584 0.551863
4096 77.767879
4608 1.660306
5120 0.896188
5632 0.785344
6144 0.686291
6656 0.688650
7168 0.738176
7680 0.761760
8192 95.130339
8704 1.940954
9216 0.952789
9728 0.792419
10240 0.787702
10752 0.851378
11264 0.907980
11776 0.816003
12288 101.273943
12800 1.740491
13312 0.940997
13824 0.900905
14336 0.929205
14848 0.957506
15360 0.806569
15872 0.910338
16384 124.811845
16896 3.893700
17408 1.113160
17920 0.827795
18432 0.775910
18944 0.683933
19456 0.801852
19968 0.910338
20480 210.189066
20992 4.686119
21504 0.740534
22016 0.749968
22528 1.228721
23040 0.799494
23552 1.035333
24064 0.823078
24576 178.110258
25088 2.660263
25600 1.874919
26112 1.973972
26624 1.122593
27136 0.523562
27648 0.518846
28160 0.532996
28672 117.834551
29184 1.570687
29696 0.650915
30208 0.542429
30720 0.523562
31232 0.584880
31744 0.827795
32256 0.540071
32768 99.354214
33280 1.157969
33792 1.205137
34304 0.691008
34816 0.813644
35328 0.624973
35840 0.580164
36352 0.551863
36864 96.587824
37376 1.530594
37888 0.834870
38400 0.558938
38912 0.525921
39424 0.525921
39936 0.641482
40448 1.139102
40960 97.896730
41472 2.580078
41984 0.851378
42496 0.837228
43008 0.823078
43520 0.728742
44032 0.700442
44544 0.905621
45056 76.918859
45568 1.214570
46080 0.554221
46592 0.523562
47104 0.525921
47616 0.528279
48128 0.641482
48640 0.558938
49152 81.621487
49664 1.367866
50176 0.580164
50688 0.551863
