512 1.443334
1024 0.764118
1536 0.601389
2048 0.535354
2560 0.521204
3072 0.523562
3584 0.554221
4096 72.735077
4608 1.214570
5120 0.573089
5632 0.544788
6144 0.544788
6656 0.542429
7168 0.544788
7680 0.558938
8192 64.928809
8704 1.115518
9216 0.563655
9728 0.540071
10240 0.530638
10752 0.535354
11264 0.535354
11776 0.556580
12288 62.966629
12800 1.127310
13312 0.561297
13824 0.542429
14336 0.537713
14848 0.577805
15360 0.537713
15872 0.554221
16384 62.134118
16896 1.091934
17408 0.532996
17920 0.528279
18432 0.525921
18944 0.530638
19456 0.528279
19968 0.549505
20480 63.251995
20992 1.063633
21504 0.558938
22016 0.525921
22528 0.530638
23040 0.535354
23552 0.535354
24064 0.549505
24576 63.669429
25088 1.075425
25600 0.568372
26112 0.537713
26624 0.535354
27136 0.537713
27648 0.544788
28160 0.556580
28672 65.367470
29184 1.061275
29696 0.556580
30208 0.528279
30720 0.530638
31232 0.530638
31744 0.535354
32256 0.554221
32768 64.523166
33280 1.075425
33792 0.540071
34304 0.540071
34816 0.535354
35328 0.540071
35840 0.537713
36352 0.563655
36864 64.296761
37376 1.106084
37888 0.563655
38400 0.532996
38912 0.535354
39424 0.537713
39936 0.549505
40448 0.558938
40960 64.237801
41472 1.087217
41984 0.535354
42496 0.521204
43008 0.523562
43520 0.532996
44032 0.525921
44544 0.551863
45056 63.968945
45568 1.099009
46080 0.542429
46592 0.528279
47104 0.528279
47616 0.528279
48128 0.525921
48640 0.554221
49152 64.075072
49664 1.094293
50176 0.544788
50688 0.530638
