512 1.391450
1024 0.674499
1536 0.537713
2048 0.509412
2560 0.504695
3072 0.509412
3584 0.551863
4096 74.102943
4608 1.113160
5120 0.551863
5632 0.523562
6144 0.523562
6656 0.518846
7168 0.525921
7680 0.549505
8192 65.473597
8704 0.992882
9216 0.549505
9728 0.523562
10240 0.525921
10752 0.525921
11264 0.525921
11776 0.544788
12288 62.306281
12800 0.995240
13312 0.606106
13824 0.528279
14336 0.521204
14848 0.523562
15360 0.525921
15872 0.540071
16384 62.070442
16896 0.957506
17408 0.528279
17920 0.518846
18432 0.523562
18944 0.521204
19456 0.521204
19968 0.551863
20480 104.297398
20992 1.830110
21504 0.886754
22016 0.790060
22528 0.707517
23040 0.867887
23552 0.514129
24064 0.542429
24576 71.928508
25088 1.099009
25600 0.528279
26112 0.518846
26624 0.518846
27136 0.521204
27648 0.523562
28160 0.549505
28672 65.584441
29184 1.042408
29696 0.530638
30208 0.518846
30720 0.518846
31232 0.525921
31744 0.518846
32256 0.547146
32768 71.171465
33280 1.056558
33792 0.544788
34304 0.535354
34816 0.523562
35328 0.535354
35840 0.530638
36352 0.544788
36864 65.718869
37376 0.990523
37888 0.525921
38400 0.551863
38912 0.516487
39424 0.516487
39936 0.523562
40448 0.549505
40960 63.799141
41472 0.997599
41984 0.528279
42496 0.521204
43008 0.523562
43520 0.521204
44032 0.523562
44544 0.549505
45056 63.950078
45568 0.992882
46080 0.518846
46592 0.521204
47104 0.518846
47616 0.516487
48128 0.518846
48640 0.544788
49152 64.084506
49664 0.999957
50176 0.528279
50688 0.525921
