512 1.308906
1024 0.724025
1536 0.528279
2048 0.518846
2560 0.518846
3072 0.516487
3584 0.563655
4096 73.666641
4608 1.162686
5120 0.542429
5632 0.530638
6144 0.525921
6656 0.525921
7168 0.528279
7680 0.542429
8192 64.914659
8704 1.186270
9216 0.544788
9728 0.532996
10240 0.561297
10752 0.521204
11264 0.530638
11776 0.544788
12288 62.591646
12800 1.002315
13312 0.577805
13824 0.532996
14336 0.528279
14848 0.532996
15360 0.530638
15872 0.549505
16384 62.131760
16896 1.007032
17408 0.537713
17920 0.528279
18432 0.530638
18944 0.535354
19456 0.530638
19968 0.549505
20480 63.216619
20992 1.047125
21504 0.542429
22016 0.521204
22528 0.521204
23040 0.523562
23552 0.521204
24064 0.561297
24576 64.084506
25088 1.061275
25600 0.547146
26112 0.523562
26624 0.525921
27136 0.525921
27648 0.525921
28160 0.547146
28672 65.744812
29184 0.988165
29696 0.535354
30208 0.525921
30720 0.525921
31232 0.523562
31744 0.532996
32256 0.554221
32768 64.553825
33280 0.992882
33792 0.554221
34304 0.523562
34816 0.516487
35328 0.521204
35840 0.537713
36352 0.544788
36864 64.728346
37376 1.007032
37888 0.537713
38400 0.523562
38912 0.523562
39424 0.528279
39936 0.525921
40448 0.556580
40960 64.527883
41472 1.025899
41984 0.563655
42496 0.532996
43008 0.525921
43520 0.528279
44032 0.535354
44544 0.563655
45056 65.169365
45568 1.032974
46080 0.547146
46592 0.528279
47104 0.535354
47616 0.530638
48128 0.521204
48640 0.551863
49152 64.138749
49664 0.997599
50176 0.528279
50688 0.521204
