512 3.547607
1024 1.113749
1536 0.779448
2048 0.681574
2560 0.668014
3072 0.681574
3584 0.787112
4096 174.116327
4608 3.376624
5120 1.082501
5632 0.962223
6144 0.850789
6656 0.968119
7168 0.810696
7680 0.904442
8192 150.656251
8704 2.671465
9216 1.317160
9728 1.140281
10240 1.005263
10752 1.134385
11264 0.718719
11776 0.730511
12288 147.480091
12800 2.565927
13312 1.022951
13824 1.079553
14336 1.134385
14848 0.715771
15360 0.690418
15872 0.770604
16384 113.886608
16896 1.683890
17408 0.693366
17920 0.686291
18432 0.684522
18944 0.675678
19456 0.695135
19968 0.708106
20480 107.846184
20992 1.624340
21504 0.730511
22016 0.696314
22528 0.687470
23040 0.692187
23552 0.696314
24064 0.724615
24576 117.995511
25088 1.495219
25600 0.721667
26112 0.687470
26624 0.684522
27136 0.681574
27648 0.699262
28160 0.708106
28672 138.485785
29184 1.615497
29696 0.696314
30208 0.684522
30720 0.689239
31232 0.693366
31744 0.690418
32256 0.718719
32768 96.540066
33280 1.588965
33792 0.711054
34304 0.701031
34816 0.693366
35328 0.696314
35840 0.702210
36352 0.724615
36864 95.833139
37376 1.590144
37888 0.742303
38400 0.687470
38912 0.693366
39424 0.696314
39936 0.693366
40448 0.730511
40960 91.703600
41472 1.612549
41984 0.727563
42496 0.687470
43008 0.684522
43520 0.684522
44032 0.690418
44544 0.721667
45056 91.852179
45568 1.554768
46080 0.698083
46592 0.678626
47104 0.687470
47616 0.699262
48128 0.687470
48640 0.718719
49152 93.928151
49664 1.523519
50176 0.698083
50688 0.687470
