512 1.412675
1024 0.716950
1536 0.580164
2048 0.504695
2560 0.504695
3072 0.509412
3584 0.551863
4096 73.143078
4608 1.216929
5120 0.551863
5632 0.530638
6144 0.530638
6656 0.528279
7168 0.523562
7680 0.540071
8192 64.098656
8704 0.957506
9216 0.549505
9728 0.514129
10240 0.511770
10752 0.511770
11264 0.511770
11776 0.547146
12288 62.193078
12800 1.011749
13312 0.544788
13824 0.516487
14336 0.516487
14848 0.511770
15360 0.518846
15872 0.547146
16384 61.775643
16896 1.065992
17408 0.525921
17920 0.514129
18432 0.511770
18944 0.507054
19456 0.523562
19968 0.537713
20480 64.119882
20992 1.141460
21504 0.540071
22016 0.507054
22528 0.509412
23040 0.509412
23552 0.516487
24064 0.530638
24576 64.459490
25088 1.044766
25600 0.528279
26112 0.516487
26624 0.521204
27136 0.521204
27648 0.514129
28160 0.549505
28672 64.954751
29184 1.032974
29696 0.523562
30208 0.511770
30720 0.514129
31232 0.511770
31744 0.521204
32256 0.540071
32768 63.997245
33280 1.009391
33792 0.518846
34304 0.504695
34816 0.509412
35328 0.511770
35840 0.516487
36352 0.537713
36864 63.851025
37376 0.999957
37888 0.525921
38400 0.516487
38912 0.509412
39424 0.511770
39936 0.514129
40448 0.542429
40960 63.907627
41472 0.983448
41984 0.535354
42496 0.511770
43008 0.523562
43520 0.521204
44032 0.523562
44544 0.542429
45056 63.957153
45568 1.009391
46080 0.525921
46592 0.509412
47104 0.507054
47616 0.504695
48128 0.518846
48640 0.540071
49152 63.608111
49664 0.974015
50176 0.521204
50688 0.516487
