512 1.676815
1024 0.707517
1536 0.521204
2048 0.507054
2560 0.509412
3072 0.504695
3584 0.556580
4096 78.168805
4608 1.186270
5120 0.551863
5632 0.518846
6144 0.523562
6656 0.521204
7168 0.525921
7680 0.547146
8192 365.662327
8704 2.933836
9216 1.089576
9728 0.889113
10240 0.988165
10752 0.912697
11264 0.945714
11776 0.938639
12288 117.004398
12800 1.726341
13312 0.948072
13824 0.936280
14336 0.910338
14848 0.950431
15360 0.931564
15872 0.985807
16384 95.446364
16896 1.634364
17408 0.933922
17920 0.910338
18432 0.922130
18944 0.910338
19456 0.929205
19968 0.969298
20480 91.852179
20992 1.712190
21504 1.009391
22016 0.924489
22528 0.912697
23040 0.912697
23552 0.945714
24064 0.943356
24576 89.479639
25088 1.575404
25600 0.978731
26112 0.907980
26624 0.907980
27136 0.922130
27648 0.933922
28160 0.945714
28672 93.536068
29184 1.589554
29696 0.952789
30208 0.907980
30720 0.910338
31232 0.931564
31744 0.940997
32256 0.938639
32768 90.364035
33280 1.617855
33792 0.952789
34304 0.915055
34816 0.907980
35328 0.936280
35840 0.917413
36352 0.957506
36864 90.748453
37376 1.575404
37888 0.964581
38400 0.924489
38912 0.915055
39424 0.893829
39936 0.936280
40448 0.959864
40960 89.842831
41472 1.507011
41984 0.924489
42496 0.926847
43008 0.997599
43520 0.910338
44032 0.900905
44544 0.952789
45056 89.920658
45568 1.523519
46080 0.938639
46592 0.917413
47104 0.922130
47616 0.900905
48128 0.938639
48640 0.950431
49152 91.606906
49664 1.629647
50176 0.957506
50688 0.940997
