512 1.379658
1024 0.731101
1536 0.518846
2048 0.509412
2560 0.521204
3072 0.516487
3584 0.556580
4096 75.602878
4608 1.193345
5120 0.554221
5632 0.535354
6144 0.523562
6656 0.528279
7168 0.528279
7680 0.549505
8192 66.511288
8704 1.129668
9216 0.568372
9728 0.528279
10240 0.525921
10752 0.521204
11264 0.532996
11776 0.554221
12288 63.605753
12800 1.037691
13312 0.568372
13824 0.537713
14336 0.518846
14848 0.523562
15360 0.521204
15872 0.549505
16384 74.784517
16896 1.549462
17408 0.740534
17920 0.742893
18432 0.742893
18944 0.728742
19456 0.808927
19968 0.870246
20480 81.196977
20992 1.372582
21504 0.532996
22016 0.521204
22528 0.535354
23040 1.101368
23552 0.525921
24064 0.580164
24576 102.337576
25088 1.851335
25600 0.547146
26112 1.379658
26624 0.542429
27136 0.530638
27648 1.084859
28160 0.556580
28672 115.089386
29184 1.440976
29696 0.834870
30208 0.613181
30720 1.433901
31232 0.530638
31744 0.792419
32256 0.542429
32768 105.476592
33280 1.275888
33792 1.518803
34304 0.549505
34816 0.667424
35328 0.558938
35840 0.521204
36352 0.544788
36864 107.080297
37376 1.764075
37888 0.851378
38400 0.969298
38912 0.846662
39424 0.627331
39936 0.615540
40448 0.747609
40960 233.257059
41472 2.804125
41984 1.021182
42496 26.073170
43008 1.179195
43520 0.834870
44032 0.884396
44544 0.757043
45056 137.656811
45568 1.801809
46080 0.926847
46592 0.910338
47104 0.898546
47616 0.905621
48128 0.898546
48640 0.924489
49152 106.724180
49664 1.622572
50176 0.554221
50688 0.551863
