512 1.398525
1024 0.632048
1536 0.544788
2048 0.514129
2560 0.514129
3072 0.521204
3584 0.547146
4096 73.227980
4608 1.132027
5120 0.537713
5632 0.523562
6144 0.523562
6656 0.523562
7168 0.523562
7680 0.594314
8192 96.177464
8704 1.226362
9216 0.544788
9728 0.525921
10240 0.523562
10752 0.521204
11264 0.528279
11776 0.549505
12288 66.843821
12800 1.099009
13312 0.547146
13824 0.521204
14336 0.523562
14848 0.521204
15360 0.521204
15872 0.537713
16384 63.122283
16896 1.058917
17408 0.549505
17920 0.521204
18432 0.523562
18944 0.521204
19456 0.521204
19968 0.547146
20480 63.454816
20992 1.058917
21504 0.521204
22016 0.516487
22528 0.521204
23040 0.514129
23552 0.516487
24064 0.537713
24576 63.384064
25088 1.115518
25600 0.530638
26112 0.532996
26624 0.535354
27136 0.535354
27648 0.530638
28160 0.554221
28672 65.178798
29184 1.042408
29696 0.537713
30208 0.523562
30720 0.528279
31232 0.528279
31744 0.523562
32256 0.544788
32768 64.879283
33280 1.096651
33792 0.535354
34304 0.525921
34816 0.530638
35328 0.521204
35840 0.521204
36352 0.547146
36864 64.353362
37376 1.054200
37888 0.525921
38400 0.521204
38912 0.516487
39424 0.523562
39936 0.521204
40448 0.547146
40960 64.353362
41472 1.106084
41984 0.530638
42496 0.528279
43008 0.525921
43520 0.525921
44032 0.530638
44544 0.558938
45056 64.775514
45568 1.065992
46080 0.528279
46592 0.523562
47104 0.523562
47616 0.516487
48128 0.516487
48640 0.547146
49152 79.173479
49664 1.624930
50176 0.738176
50688 0.785344
