512 9.667037
1024 2.558852
1536 1.393808
2048 0.985807
2560 0.853737
3072 0.929205
3584 0.910338
4096 522.781744
4608 3.931435
5120 0.988165
5632 0.811286
6144 0.780627
6656 0.790060
7168 0.787702
7680 0.889113
8192 132.605142
8704 2.117833
9216 0.926847
9728 0.794777
10240 0.924489
10752 0.830153
11264 0.907980
11776 0.889113
12288 97.323641
12800 1.665023
13312 0.905621
13824 0.905621
14336 0.834870
14848 0.907980
15360 0.867887
15872 0.912697
16384 87.161343
16896 1.608421
17408 0.948072
17920 0.886754
18432 0.891471
18944 0.910338
19456 0.917413
19968 0.948072
20480 100.920185
20992 2.153209
21504 0.858454
22016 0.740534
22528 0.780627
23040 0.771193
23552 0.959864
24064 0.844303
24576 110.839569
25088 2.205094
25600 0.903263
26112 0.799494
26624 0.886754
27136 0.787702
27648 0.837228
28160 0.827795
28672 108.525989
29184 1.940954
29696 0.830153
30208 0.778268
30720 0.702800
31232 0.698083
31744 0.726384
32256 0.775910
32768 94.333204
33280 1.624930
33792 0.905621
34304 0.768835
34816 0.886754
35328 0.891471
35840 0.799494
36352 0.863170
36864 91.993682
37376 1.851335
37888 0.867887
38400 0.742893
38912 0.903263
39424 0.813644
39936 0.799494
40448 0.915055
40960 98.167945
41472 1.740491
41984 0.804211
42496 0.884396
43008 0.792419
43520 0.846662
44032 0.872604
44544 0.775910
45056 91.168246
45568 1.495219
46080 0.853737
46592 0.785344
47104 0.834870
47616 0.837228
48128 0.884396
48640 0.825436
49152 92.267255
49664 1.889070
50176 0.797136
50688 0.735817
