512 1.433901
1024 0.742893
1536 0.641482
2048 0.509412
2560 0.514129
3072 0.518846
3584 0.563655
4096 74.454343
4608 1.266455
5120 0.542429
5632 0.514129
6144 0.516487
6656 0.521204
7168 0.514129
7680 0.535354
8192 65.952350
8704 1.028258
9216 0.558938
9728 0.516487
10240 0.516487
10752 0.523562
11264 0.518846
11776 0.532996
12288 63.141150
12800 1.099009
13312 0.554221
13824 0.518846
14336 0.518846
14848 0.523562
15360 0.521204
15872 0.535354
16384 61.999690
16896 0.988165
17408 0.540071
17920 0.518846
18432 0.507054
18944 0.514129
19456 0.525921
19968 2.547060
20480 73.803427
20992 1.254663
21504 0.521204
22016 0.516487
22528 0.514129
23040 0.509412
23552 0.518846
24064 0.551863
24576 64.754288
25088 0.969298
25600 0.535354
26112 0.514129
26624 0.509412
27136 0.516487
27648 0.523562
28160 0.537713
28672 66.122154
29184 0.974015
29696 0.525921
30208 0.514129
30720 0.516487
31232 0.516487
31744 0.535354
32256 0.540071
32768 64.063280
33280 0.976373
33792 0.528279
34304 0.514129
34816 0.516487
35328 0.518846
35840 0.525921
36352 0.542429
36864 64.530241
37376 0.964581
37888 0.523562
38400 0.511770
38912 0.511770
39424 0.521204
39936 0.516487
40448 0.568372
40960 65.438221
41472 1.028258
41984 0.535354
42496 0.523562
43008 0.516487
43520 0.521204
44032 0.516487
44544 0.542429
45056 65.511331
45568 0.997599
46080 0.530638
46592 0.523562
47104 0.523562
47616 0.518846
48128 0.514129
48640 0.561297
49152 64.277894
49664 1.011749
50176 0.537713
50688 0.518846
