512 1.377299
1024 0.646199
1536 0.587239
2048 0.516487
2560 0.518846
3072 0.523562
3584 0.577805
4096 73.331749
4608 1.238154
5120 0.556580
5632 0.535354
6144 0.528279
6656 0.525921
7168 0.530638
7680 0.568372
8192 65.770754
8704 1.124952
9216 0.561297
9728 0.537713
10240 0.530638
10752 0.544788
11264 0.544788
11776 0.563655
12288 63.044456
12800 1.122593
13312 0.570730
13824 0.528279
14336 0.530638
14848 0.530638
15360 0.532996
15872 0.544788
16384 62.721357
16896 1.094293
17408 0.542429
17920 0.525921
18432 0.532996
18944 0.521204
19456 0.530638
19968 0.556580
20480 64.084506
20992 1.042408
21504 0.540071
22016 0.523562
22528 0.528279
23040 0.528279
23552 0.528279
24064 0.549505
24576 64.056205
25088 1.014107
25600 0.532996
26112 0.525921
26624 0.528279
27136 0.523562
27648 0.523562
28160 0.549505
28672 65.053804
29184 1.084859
29696 0.549505
30208 0.532996
30720 0.528279
31232 0.528279
31744 0.544788
32256 0.561297
32768 64.756647
33280 1.014107
33792 0.535354
34304 0.521204
34816 0.525921
35328 0.525921
35840 0.525921
36352 0.551863
36864 64.384021
37376 1.035333
37888 0.556580
38400 0.535354
38912 0.537713
39424 0.535354
39936 0.542429
40448 0.561297
40960 64.718913
41472 1.065992
41984 0.540071
42496 0.525921
43008 0.528279
43520 0.525921
44032 0.530638
44544 0.563655
45056 64.058564
45568 1.056558
46080 0.532996
46592 0.525921
47104 0.521204
47616 0.525921
48128 0.530638
48640 0.558938
49152 64.475998
49664 1.023541
50176 0.537713
50688 0.528279
