512 1.264097
1024 0.719309
1536 0.568372
2048 0.511770
2560 0.521204
3072 0.521204
3584 0.547146
4096 72.435562
4608 1.240513
5120 0.558938
5632 0.507054
6144 0.514129
6656 0.516487
7168 0.521204
7680 0.537713
8192 64.586843
8704 1.082501
9216 0.518846
9728 0.514129
10240 0.516487
10752 0.532996
11264 0.516487
11776 0.537713
12288 62.169494
12800 1.044766
13312 0.580164
13824 0.523562
14336 0.523562
14848 0.530638
15360 0.528279
15872 0.547146
16384 61.551596
16896 1.002315
17408 0.518846
17920 0.518846
18432 0.511770
18944 0.514129
19456 0.514129
19968 0.537713
20480 63.240203
20992 1.032974
21504 0.523562
22016 0.516487
22528 0.514129
23040 0.516487
23552 0.511770
24064 0.535354
24576 63.063323
25088 1.023541
25600 0.537713
26112 0.516487
26624 0.521204
27136 0.530638
27648 0.518846
28160 0.549505
28672 65.360394
29184 0.988165
29696 0.521204
30208 0.514129
30720 0.514129
31232 0.518846
31744 0.516487
32256 0.535354
32768 63.872251
33280 0.981090
33792 0.525921
34304 0.514129
34816 0.507054
35328 0.516487
35840 0.514129
36352 0.537713
36864 64.200067
37376 1.023541
37888 0.516487
38400 0.521204
38912 0.511770
39424 0.523562
39936 0.516487
40448 0.537713
40960 63.794424
41472 0.978731
41984 0.518846
42496 0.511770
43008 0.518846
43520 0.516487
44032 0.516487
44544 0.535354
45056 64.266102
45568 1.002315
46080 0.530638
46592 0.518846
47104 0.516487
47616 0.514129
48128 0.528279
48640 0.540071
49152 63.808574
49664 0.981090
50176 0.523562
50688 0.511770
