512 1.384374
1024 0.698083
1536 0.542429
2048 0.507054
2560 0.504695
3072 0.514129
3584 0.554221
4096 73.367125
4608 1.134385
5120 0.530638
5632 0.523562
6144 0.525921
6656 0.521204
7168 0.530638
7680 0.556580
8192 65.551424
8704 1.073067
9216 0.542429
9728 0.528279
10240 0.525921
10752 0.528279
11264 0.532996
11776 0.549505
12288 62.759091
12800 1.051842
13312 0.556580
13824 0.535354
14336 0.532996
14848 0.532996
15360 0.528279
15872 0.547146
16384 61.690741
16896 1.025899
17408 0.561297
17920 0.528279
18432 0.525921
18944 0.525921
19456 0.535354
19968 0.544788
20480 63.016156
20992 1.044766
21504 0.542429
22016 0.528279
22528 0.523562
23040 0.544788
23552 0.525921
24064 0.542429
24576 63.457174
25088 0.976373
25600 0.549505
26112 0.528279
26624 0.523562
27136 0.523562
27648 0.528279
28160 0.554221
28672 65.858014
29184 0.983448
29696 0.530638
30208 0.528279
30720 0.523562
31232 0.528279
31744 0.535354
32256 0.554221
32768 79.583839
33280 1.193345
33792 0.542429
34304 0.532996
34816 0.528279
35328 0.525921
35840 0.523562
36352 0.566013
36864 69.350789
37376 1.028258
37888 0.542429
38400 0.528279
38912 0.523562
39424 0.528279
39936 0.528279
40448 0.549505
40960 64.662311
41472 1.148535
41984 0.537713
42496 0.535354
43008 0.532996
43520 0.528279
44032 0.528279
44544 0.547146
45056 64.259027
45568 1.202778
46080 0.537713
46592 0.532996
47104 0.530638
47616 0.532996
48128 0.530638
48640 0.549505
49152 63.855742
49664 1.044766
50176 0.525921
50688 0.525921
