512 1.356074
1024 0.700442
1536 0.547146
2048 0.542429
2560 0.509412
3072 0.514129
3584 0.566013
4096 71.515790
4608 1.299472
5120 0.535354
5632 0.518846
6144 0.511770
6656 0.507054
7168 0.518846
7680 0.544788
8192 64.782589
8704 1.075425
9216 0.547146
9728 0.516487
10240 0.521204
10752 0.528279
11264 0.525921
11776 0.530638
12288 62.332223
12800 1.080142
13312 0.575447
13824 0.521204
14336 0.521204
14848 0.516487
15360 0.525921
15872 0.540071
16384 61.681307
16896 1.042408
17408 0.532996
17920 0.511770
18432 0.509412
18944 0.509412
19456 0.516487
19968 0.542429
20480 62.983138
20992 1.054200
21504 0.521204
22016 0.521204
22528 0.511770
23040 0.516487
23552 0.521204
24064 0.540071
24576 63.273220
25088 1.035333
25600 0.523562
26112 0.518846
26624 0.516487
27136 0.504695
27648 0.518846
28160 0.532996
28672 64.846266
29184 1.028258
29696 0.537713
30208 0.518846
30720 0.514129
31232 0.514129
31744 0.523562
32256 0.549505
32768 64.266102
33280 1.040050
33792 0.521204
34304 0.509412
34816 0.516487
35328 0.514129
35840 0.514129
36352 0.535354
36864 63.907627
37376 0.997599
37888 0.530638
38400 0.516487
38912 0.514129
39424 0.514129
39936 0.514129
40448 0.549505
40960 64.197709
41472 1.042408
41984 0.523562
42496 0.518846
43008 0.521204
43520 0.518846
44032 0.530638
44544 0.542429
45056 63.829800
45568 1.032974
46080 0.532996
46592 0.516487
47104 0.523562
47616 0.523562
48128 0.523562
48640 0.547146
49152 71.966242
49664 1.275888
50176 0.643840
50688 0.624973
