512 2.717454
1024 1.063044
1536 0.804800
2048 0.696314
2560 0.675678
3072 0.681574
3584 0.715771
4096 226.738472
4608 2.560031
5120 0.947483
5632 0.876142
6144 0.976963
6656 0.948662
7168 1.007032
7680 1.088397
8192 112.932050
8704 1.583069
9216 0.690418
9728 0.690418
10240 0.678626
10752 0.709875
11264 0.692187
11776 0.705158
12288 87.244476
12800 1.468687
13312 0.742303
13824 0.672730
14336 0.687470
14848 0.672730
15360 0.669782
15872 0.702210
16384 93.080310
16896 2.383152
17408 1.125541
17920 1.002315
18432 0.996419
18944 1.088397
19456 1.057148
19968 1.024720
20480 134.439379
20992 2.582436
21504 1.143229
22016 1.091345
22528 1.060096
23040 1.070709
23552 1.079553
24064 1.104905
24576 136.583744
25088 2.356620
25600 1.012928
26112 1.065992
26624 1.051252
27136 0.965171
27648 1.183322
28160 0.698083
28672 98.167355
29184 1.603705
29696 0.686291
30208 0.684522
30720 0.669782
31232 0.676858
31744 0.672730
32256 0.701031
32768 86.151363
33280 1.391450
33792 0.705158
34304 0.684522
34816 0.684522
35328 0.689239
35840 0.706927
36352 0.724615
36864 142.355312
37376 1.540028
37888 0.701031
38400 0.670962
38912 0.669782
39424 0.684522
39936 0.681574
40448 0.709875
40960 95.380329
41472 1.446282
41984 0.684522
42496 0.675678
43008 0.678626
43520 0.681574
44032 0.669782
44544 0.708106
45056 84.884908
45568 1.428594
46080 0.698083
46592 0.678626
47104 0.681574
47616 0.675678
48128 0.698083
48640 0.715771
49152 83.584256
49664 1.377889
50176 0.718719
50688 0.693366
