512 1.961590
1024 0.850789
1536 0.747020
2048 0.665066
2560 0.663887
3072 0.666835
3584 0.764708
4096 97.350763
4608 1.627288
5120 0.699262
5632 0.687470
6144 0.681574
6656 0.681574
7168 0.692187
7680 0.705158
8192 86.210912
8704 1.461022
9216 0.724615
9728 0.678626
10240 0.675678
10752 0.669782
11264 0.687470
11776 0.698083
12288 81.613822
12800 1.374941
13312 0.742303
13824 0.678626
14336 0.684522
14848 0.690418
15360 0.687470
15872 0.706927
16384 202.172312
16896 1.861948
17408 0.714002
17920 0.678626
18432 0.681574
18944 0.684522
19456 0.665066
19968 0.749968
20480 203.870942
20992 1.560664
21504 0.738176
22016 0.675678
22528 0.675678
23040 0.666835
23552 0.675678
24064 0.693366
24576 102.075795
25088 1.474583
25600 0.690418
26112 0.675678
26624 0.669782
27136 0.672730
27648 0.668014
28160 0.709875
28672 85.809986
29184 1.334848
29696 0.715771
30208 0.672730
30720 0.666835
31232 0.666835
31744 0.668014
32256 0.693366
32768 83.667389
33280 1.355484
33792 0.698083
34304 0.672730
34816 0.676858
35328 0.663887
35840 0.669782
36352 0.712823
36864 83.249955
37376 1.314212
37888 0.699262
38400 0.669782
38912 0.669782
39424 0.665066
39936 0.665066
40448 0.708106
40960 83.106093
41472 1.323056
41984 0.712823
42496 0.681574
43008 0.675678
43520 0.675678
44032 0.672730
44544 0.715771
45056 82.719907
45568 1.342513
46080 0.705158
46592 0.681574
47104 0.678626
47616 0.684522
48128 0.678626
48640 0.718719
49152 87.568165
49664 1.300652
50176 0.708106
50688 0.678626
