512 17.869514
1024 2.188585
1536 1.792376
2048 2.240470
2560 1.601346
3072 2.372539
3584 0.978731
4096 263.535827
4608 2.223961
5120 0.950431
5632 0.889113
6144 0.872604
6656 0.898546
7168 0.912697
7680 0.893829
8192 109.457553
8704 2.174435
9216 0.884396
9728 0.740534
10240 0.785344
10752 0.747609
11264 0.768835
11776 0.813644
12288 77.756087
12800 1.471635
13312 0.537713
13824 0.523562
14336 0.521204
14848 0.518846
15360 0.537713
15872 0.537713
16384 109.849046
16896 1.292397
17408 0.528279
17920 0.514129
18432 0.521204
18944 0.518846
19456 0.521204
19968 0.537713
20480 72.327076
20992 1.259380
21504 0.547146
22016 0.514129
22528 0.511770
23040 0.523562
23552 0.518846
24064 0.540071
24576 64.641086
25088 1.065992
25600 0.547146
26112 0.523562
26624 0.518846
27136 0.518846
27648 0.523562
28160 0.540071
28672 65.039653
29184 1.087217
29696 0.530638
30208 0.514129
30720 0.523562
31232 0.518846
31744 0.516487
32256 0.544788
32768 64.004321
33280 1.110801
33792 0.537713
34304 0.523562
34816 0.516487
35328 0.525921
35840 0.523562
36352 0.544788
36864 63.525568
37376 1.139102
37888 0.532996
38400 0.518846
38912 0.523562
39424 0.518846
39936 0.518846
40448 0.556580
40960 63.869892
41472 1.122593
41984 0.523562
42496 0.516487
43008 0.521204
43520 0.518846
44032 0.530638
44544 0.551863
45056 63.393498
45568 1.174478
46080 0.535354
46592 0.518846
47104 0.516487
47616 0.523562
48128 0.523562
48640 0.549505
49152 64.053847
49664 1.146177
50176 0.540071
50688 0.525921
