512 1.745208
1024 0.686291
1536 0.584880
2048 0.532996
2560 0.537713
3072 0.530638
3584 0.549505
4096 232.188120
4608 2.676772
5120 0.672141
5632 0.540071
6144 0.532996
6656 0.641482
7168 1.181553
7680 0.570730
8192 141.225054
8704 1.639080
9216 0.620256
9728 0.563655
10240 0.632048
10752 0.540071
11264 0.532996
11776 0.573089
12288 106.110999
12800 1.363149
13312 0.740534
13824 0.617898
14336 1.087217
14848 0.705158
15360 0.573089
15872 0.563655
16384 97.326000
16896 1.860769
17408 0.620256
17920 0.542429
18432 0.537713
18944 1.700399
19456 0.596672
19968 0.551863
20480 106.967094
20992 1.174478
21504 0.530638
22016 0.695725
22528 0.532996
23040 0.554221
23552 0.540071
24064 0.554221
24576 86.375999
25088 1.301831
25600 0.551863
26112 0.547146
26624 0.535354
27136 0.544788
27648 0.535354
28160 0.561297
28672 70.442723
29184 1.134385
29696 0.558938
30208 0.537713
30720 0.535354
31232 0.547146
31744 0.542429
32256 0.551863
32768 99.229220
33280 1.457484
33792 0.542429
34304 0.537713
34816 0.537713
35328 0.556580
35840 0.542429
36352 0.570730
36864 70.909684
37376 1.245229
37888 0.537713
38400 0.532996
38912 0.537713
39424 0.547146
39936 0.532996
40448 0.570730
40960 64.754288
41472 1.209854
41984 0.540071
42496 0.540071
43008 0.535354
43520 0.542429
44032 0.544788
44544 0.556580
45056 64.110448
45568 1.275888
46080 0.542429
46592 0.537713
47104 0.535354
47616 0.547146
48128 0.542429
48640 0.563655
49152 63.851025
49664 1.212212
50176 0.537713
50688 0.535354
