512 1.382016
1024 0.761760
1536 0.542429
2048 0.509412
2560 0.507054
3072 0.507054
3584 0.554221
4096 73.246847
4608 1.214570
5120 0.540071
5632 0.521204
6144 0.521204
6656 0.514129
7168 0.528279
7680 0.537713
8192 65.233041
8704 1.051842
9216 0.547146
9728 0.516487
10240 0.514129
10752 0.523562
11264 0.507054
11776 0.528279
12288 62.853427
12800 1.063633
13312 0.568372
13824 0.516487
14336 0.516487
14848 0.509412
15360 0.514129
15872 0.544788
16384 62.900595
16896 1.073067
17408 0.530638
17920 0.528279
18432 0.518846
18944 0.518846
19456 0.521204
19968 0.544788
20480 63.428874
20992 1.096651
21504 0.535354
22016 0.514129
22528 0.518846
23040 0.521204
23552 0.525921
24064 0.542429
24576 63.419440
25088 1.044766
25600 0.521204
26112 0.509412
26624 0.511770
27136 0.504695
27648 0.518846
28160 0.544788
28672 64.702404
29184 0.969298
29696 0.525921
30208 0.516487
30720 0.518846
31232 0.514129
31744 0.514129
32256 0.540071
32768 63.862817
33280 1.021182
33792 0.525921
34304 0.518846
34816 0.511770
35328 0.514129
35840 0.509412
36352 0.532996
36864 64.617502
37376 1.051842
37888 0.528279
38400 0.514129
38912 0.516487
39424 0.521204
39936 0.514129
40448 0.540071
40960 217.313760
41472 1.497577
41984 0.570730
42496 0.514129
43008 0.514129
43520 0.514129
44032 0.504695
44544 0.530638
45056 84.352501
45568 1.141460
46080 0.537713
46592 0.518846
47104 0.518846
47616 0.516487
48128 0.516487
48640 0.547146
49152 66.678734
49664 1.077784
50176 0.523562
50688 0.516487
