512 1.771150
1024 0.747609
1536 0.516487
2048 0.511770
2560 0.502337
3072 0.511770
3584 0.556580
4096 83.343111
4608 1.311264
5120 0.547146
5632 0.525921
6144 0.523562
6656 0.521204
7168 0.521204
7680 0.554221
8192 66.902781
8704 1.129668
9216 0.549505
9728 0.521204
10240 0.528279
10752 0.537713
11264 0.528279
11776 0.547146
12288 62.542119
12800 1.153252
13312 0.563655
13824 0.521204
14336 0.521204
14848 0.528279
15360 0.521204
15872 0.540071
16384 62.384107
16896 1.122593
17408 0.563655
17920 0.523562
18432 0.521204
18944 0.518846
19456 0.530638
19968 0.540071
20480 63.068040
20992 1.108443
21504 0.528279
22016 0.521204
22528 0.523562
23040 0.514129
23552 0.521204
24064 0.542429
24576 64.164691
25088 1.035333
25600 0.537713
26112 0.528279
26624 0.528279
27136 0.528279
27648 0.523562
28160 0.549505
28672 65.145781
29184 1.089576
29696 0.521204
30208 0.518846
30720 0.518846
31232 0.525921
31744 0.530638
32256 0.542429
32768 64.251951
33280 1.051842
33792 0.530638
34304 0.518846
34816 0.518846
35328 0.521204
35840 0.521204
36352 0.537713
36864 64.740138
37376 1.075425
37888 0.540071
38400 0.518846
38912 0.525921
39424 0.516487
39936 0.525921
40448 0.544788
40960 64.605710
41472 1.115518
41984 0.547146
42496 0.521204
43008 0.523562
43520 0.530638
44032 0.544788
44544 0.558938
45056 64.792023
45568 1.047125
46080 0.532996
46592 0.516487
47104 0.523562
47616 0.514129
48128 0.521204
48640 0.544788
49152 64.101015
49664 1.054200
50176 0.530638
50688 0.516487
