512 1.455126
1024 0.660349
1536 0.528279
2048 0.518846
2560 0.518846
3072 0.509412
3584 0.556580
4096 71.204482
4608 1.334848
5120 0.537713
5632 0.528279
6144 0.530638
6656 0.525921
7168 0.528279
7680 0.554221
8192 65.872165
8704 1.221646
9216 0.589597
9728 0.528279
10240 0.570730
10752 0.523562
11264 0.523562
11776 0.556580
12288 63.013797
12800 1.132027
13312 0.584880
13824 0.530638
14336 0.532996
14848 0.528279
15360 0.523562
15872 0.563655
16384 62.334581
16896 1.238154
17408 0.535354
17920 0.523562
18432 0.525921
18944 0.525921
19456 0.532996
19968 0.554221
20480 63.242561
20992 1.176836
21504 0.540071
22016 0.523562
22528 0.530638
23040 0.530638
23552 0.530638
24064 0.547146
24576 63.431232
25088 1.176836
25600 0.537713
26112 0.530638
26624 0.544788
27136 0.532996
27648 0.542429
28160 0.554221
28672 65.195307
29184 1.155611
29696 0.535354
30208 0.523562
30720 0.532996
31232 0.523562
31744 0.530638
32256 0.554221
32768 64.292044
33280 1.141460
33792 0.542429
34304 0.532996
34816 0.544788
35328 0.530638
35840 0.530638
36352 0.556580
36864 65.124555
37376 1.117876
37888 0.540071
38400 0.523562
38912 0.570730
39424 0.528279
39936 0.528279
40448 0.554221
40960 64.190633
41472 1.139102
41984 0.566013
42496 0.532996
43008 0.537713
43520 0.532996
44032 0.540071
44544 0.561297
45056 64.042055
45568 1.120235
46080 0.530638
46592 0.525921
47104 0.528279
47616 0.532996
48128 0.530638
48640 0.547146
49152 63.685938
49664 1.172119
50176 0.549505
50688 0.535354
