512 1.367866
1024 0.721667
1536 0.547146
2048 0.511770
2560 0.516487
3072 0.511770
3584 0.532996
4096 72.574706
4608 1.200420
5120 0.535354
5632 0.530638
6144 0.528279
6656 0.530638
7168 0.523562
7680 0.549505
8192 64.586843
8704 1.113160
9216 0.582522
9728 0.535354
10240 0.540071
10752 0.532996
11264 0.544788
11776 0.551863
12288 71.220991
12800 1.384374
13312 0.648557
13824 0.639123
14336 0.641482
14848 0.660349
15360 0.629690
15872 0.681574
16384 93.411074
16896 1.761717
17408 0.865529
17920 0.695725
18432 0.766476
18944 0.681574
19456 0.709875
19968 0.938639
20480 5607.082956
20992 6.961964
21504 0.683933
22016 0.558938
22528 0.551863
23040 0.563655
23552 0.558938
24064 0.577805
24576 146.163520
25088 1.452768
25600 0.556580
26112 0.542429
26624 0.535354
27136 0.535354
27648 0.535354
28160 0.556580
28672 84.335993
29184 1.290039
29696 0.554221
30208 0.535354
30720 0.537713
31232 0.535354
31744 0.530638
32256 0.568372
32768 96.443962
33280 1.761717
33792 0.757043
34304 0.747609
34816 0.860812
35328 0.882038
35840 0.757043
36352 0.882038
36864 107.478865
37376 2.065949
37888 0.867887
38400 0.874962
38912 0.863170
39424 0.872604
39936 0.933922
40448 0.849020
40960 94.512441
41472 1.287680
41984 0.540071
42496 0.530638
43008 0.528279
43520 0.528279
44032 0.523562
44544 0.561297
45056 71.683235
45568 1.049483
46080 0.523562
46592 0.523562
47104 0.521204
47616 0.521204
48128 0.563655
48640 0.549505
49152 65.145781
49664 1.061275
50176 0.535354
50688 0.532996
