512 1.438617
1024 0.724025
1536 0.535354
2048 0.509412
2560 0.507054
3072 0.511770
3584 0.540071
4096 73.154870
4608 1.188628
5120 0.537713
5632 0.518846
6144 0.516487
6656 0.523562
7168 0.518846
7680 0.547146
8192 64.942959
8704 1.106084
9216 0.547146
9728 0.518846
10240 0.528279
10752 0.521204
11264 0.516487
11776 0.542429
12288 61.938372
12800 1.117876
13312 0.547146
13824 0.523562
14336 0.518846
14848 0.523562
15360 0.523562
15872 0.547146
16384 61.575180
16896 1.132027
17408 0.542429
17920 0.516487
18432 0.509412
18944 0.518846
19456 0.518846
19968 0.535354
20480 109.726409
20992 1.094293
21504 0.540071
22016 0.514129
22528 0.511770
23040 0.514129
23552 0.518846
24064 0.537713
24576 72.058219
25088 1.075425
25600 0.525921
26112 0.518846
26624 0.518846
27136 0.514129
27648 0.528279
28160 0.542429
28672 157.990841
29184 1.327773
29696 0.599031
30208 0.525921
30720 0.521204
31232 0.521204
31744 0.523562
32256 0.554221
32768 157.431903
33280 1.150894
33792 0.537713
34304 0.523562
34816 0.528279
35328 0.523562
35840 0.521204
36352 0.554221
36864 106.603902
37376 1.214570
37888 0.542429
38400 0.511770
38912 0.518846
39424 0.509412
39936 0.516487
40448 0.540071
40960 67.659824
41472 1.061275
41984 0.556580
42496 0.516487
43008 0.518846
43520 0.516487
44032 0.511770
44544 0.542429
45056 64.374588
45568 1.094293
46080 0.528279
46592 0.516487
47104 0.516487
47616 0.509412
48128 0.514129
48640 0.532996
49152 64.228368
49664 1.070709
50176 0.535354
50688 0.514129
