512 2.782899
1024 1.462791
1536 1.051252
2048 0.932743
2560 0.922130
3072 0.968119
3584 1.051252
4096 145.461900
4608 2.568875
5120 1.409137
5632 1.188038
6144 1.011159
6656 1.042408
7168 1.070709
7680 1.045356
8192 215.956507
8704 2.159105
9216 1.033564
9728 1.005263
10240 0.981679
10752 1.042408
11264 0.990523
11776 1.085449
12288 116.268581
12800 2.248134
13312 1.180374
13824 1.011159
14336 0.987575
14848 1.060096
15360 1.039460
15872 1.036512
16384 111.861341
16896 2.662621
17408 1.326004
17920 1.211622
18432 1.097241
18944 0.993471
19456 1.009980
19968 1.033564
20480 250.965024
20992 3.608335
21504 1.228131
22016 1.199830
22528 1.190986
23040 1.030616
23552 1.051252
24064 1.182143
24576 138.233437
25088 2.649061
25600 1.097241
26112 1.091345
26624 1.051252
27136 1.131437
27648 0.913286
28160 0.975783
28672 134.837357
29184 1.915602
29696 0.738176
30208 0.678626
30720 0.684522
31232 0.678626
31744 0.681574
32256 0.703979
32768 94.303724
33280 1.371993
33792 0.708106
34304 0.681574
34816 0.681574
35328 0.689239
35840 0.701031
36352 0.712823
36864 85.130180
37376 1.360201
37888 0.721667
38400 0.681574
38912 0.670962
39424 0.668014
39936 0.668014
40448 0.690418
40960 85.033486
41472 1.366097
41984 0.702210
42496 0.669782
43008 0.684522
43520 0.672730
44032 0.670962
44544 0.702210
45056 84.031171
45568 1.317160
46080 0.706927
46592 0.672730
47104 0.669782
47616 0.669782
48128 0.675678
48640 0.706927
49152 83.458082
49664 1.299472
50176 0.676858
50688 0.663887
