512 2.037648
1024 3.264010
1536 0.790060
2048 0.754684
2560 1.065992
3072 1.054200
3584 0.731101
4096 409.707602
4608 7.539770
5120 0.929205
5632 0.601389
6144 0.514129
6656 0.575447
7168 0.580164
7680 0.551863
8192 721.255513
8704 1.523519
9216 0.556580
9728 0.518846
10240 0.511770
10752 0.511770
11264 0.525921
11776 0.537713
12288 69.397956
12800 1.207495
13312 0.551863
13824 0.518846
14336 0.514129
14848 0.521204
15360 0.518846
15872 0.537713
16384 62.839276
16896 1.134385
17408 0.525921
17920 0.516487
18432 0.516487
18944 0.514129
19456 0.521204
19968 0.532996
20480 63.770840
20992 1.058917
21504 0.542429
22016 0.516487
22528 0.516487
23040 0.514129
23552 0.523562
24064 0.532996
24576 63.454816
25088 1.058917
25600 0.525921
26112 0.511770
26624 0.511770
27136 0.511770
27648 0.528279
28160 0.537713
28672 65.414637
29184 0.992882
29696 0.537713
30208 0.528279
30720 0.518846
31232 0.523562
31744 0.523562
32256 0.549505
32768 63.978378
33280 1.004674
33792 0.525921
34304 0.507054
34816 0.514129
35328 0.504695
35840 0.511770
36352 0.535354
36864 64.452415
37376 0.988165
37888 0.542429
38400 0.556580
38912 0.518846
39424 0.521204
39936 0.532996
40448 0.547146
40960 64.034980
41472 0.988165
41984 0.528279
42496 0.518846
43008 0.521204
43520 0.521204
44032 0.518846
44544 0.544788
45056 63.924135
45568 1.030616
46080 0.518846
46592 0.514129
47104 0.514129
47616 0.507054
48128 0.528279
48640 0.537713
49152 63.582169
49664 1.011749
50176 0.525921
50688 0.511770
