512 2.738090
1024 1.290039
1536 1.004674
2048 0.907980
2560 0.874962
3072 0.924489
3584 0.917413
4096 119.485423
4608 2.006989
5120 0.938639
5632 0.747609
6144 0.766476
6656 0.733459
7168 0.731101
7680 0.804211
8192 93.394565
8704 1.323056
9216 0.575447
9728 0.525921
10240 0.514129
10752 0.516487
11264 0.516487
11776 0.544788
12288 70.079531
12800 1.165044
13312 0.551863
13824 0.530638
14336 0.535354
14848 0.528279
15360 0.532996
15872 0.549505
16384 63.553868
16896 1.021182
17408 0.547146
17920 0.523562
18432 0.516487
18944 0.521204
19456 0.525921
19968 0.537713
20480 64.761364
20992 1.073067
21504 0.549505
22016 0.523562
22528 0.518846
23040 0.516487
23552 0.523562
24064 0.551863
24576 68.225837
25088 1.096651
25600 0.568372
26112 0.761760
26624 0.530638
27136 0.549505
27648 1.304189
28160 0.580164
28672 142.842908
29184 3.214484
29696 0.752326
30208 1.504652
30720 0.771193
31232 0.622615
31744 0.801852
32256 0.542429
32768 135.163994
33280 1.525878
33792 0.915055
34304 0.561297
34816 0.523562
35328 0.646199
35840 0.547146
36352 0.540071
36864 171.183670
37376 1.865486
37888 0.650915
38400 0.705158
38912 0.665066
39424 0.580164
39936 0.521204
40448 0.563655
40960 116.744975
41472 1.323056
41984 0.535354
42496 0.632048
43008 0.523562
43520 0.523562
44032 0.521204
44544 0.549505
45056 84.031761
45568 1.268813
46080 0.544788
46592 0.521204
47104 0.516487
47616 0.528279
48128 0.528279
48640 0.573089
49152 68.754116
49664 1.150894
50176 0.537713
50688 0.532996
