512 1.490502
1024 0.698083
1536 0.549505
2048 0.521204
2560 0.514129
3072 0.516487
3584 0.532996
4096 74.329348
4608 1.424467
5120 0.558938
5632 0.530638
6144 0.525921
6656 0.540071
7168 0.528279
7680 0.551863
8192 65.086821
8704 1.207495
9216 0.566013
9728 0.518846
10240 0.523562
10752 0.525921
11264 0.523562
11776 0.540071
12288 63.348688
12800 1.190986
13312 0.563655
13824 0.523562
14336 0.521204
14848 0.523562
15360 0.525921
15872 0.542429
16384 62.994930
16896 1.181553
17408 0.554221
17920 0.525921
18432 0.521204
18944 0.518846
19456 0.523562
19968 0.542429
20480 64.459490
20992 1.143819
21504 0.542429
22016 0.528279
22528 0.521204
23040 0.523562
23552 0.518846
24064 0.551863
24576 64.473640
25088 1.103726
25600 0.528279
26112 0.528279
26624 0.528279
27136 0.523562
27648 0.525921
28160 0.549505
28672 66.016027
29184 1.132027
29696 0.532996
30208 0.521204
30720 0.523562
31232 0.523562
31744 0.528279
32256 0.554221
32768 64.530241
33280 1.101368
33792 0.542429
34304 0.521204
34816 0.523562
35328 0.525921
35840 0.523562
36352 0.547146
36864 64.598635
37376 1.108443
37888 0.537713
38400 0.518846
38912 0.521204
39424 0.521204
39936 0.521204
40448 0.542429
40960 64.369871
41472 1.110801
41984 0.528279
42496 0.525921
43008 0.528279
43520 0.530638
44032 0.523562
44544 0.554221
45056 64.674103
45568 1.122593
46080 0.530638
46592 0.518846
47104 0.525921
47616 0.518846
48128 0.523562
48640 0.547146
49152 64.327420
49664 1.103726
50176 0.525921
50688 0.525921
