512 1.419750
1024 0.660349
1536 0.542429
2048 0.514129
2560 0.514129
3072 0.514129
3584 0.594314
4096 74.782159
4608 1.188628
5120 0.528279
5632 0.528279
6144 0.537713
6656 0.525921
7168 0.518846
7680 0.551863
8192 65.824997
8704 1.117876
9216 0.537713
9728 0.518846
10240 0.537713
10752 0.516487
11264 0.525921
11776 0.544788
12288 62.296847
12800 1.061275
13312 0.554221
13824 0.525921
14336 0.528279
14848 0.525921
15360 0.525921
15872 0.544788
16384 61.846395
16896 1.070709
17408 0.537713
17920 0.523562
18432 0.537713
18944 0.523562
19456 0.518846
19968 0.547146
20480 63.183601
20992 1.049483
21504 0.554221
22016 0.530638
22528 0.530638
23040 0.523562
23552 0.523562
24064 0.542429
24576 63.570377
25088 1.096651
25600 0.530638
26112 0.518846
26624 0.535354
27136 0.518846
27648 0.521204
28160 0.554221
28672 64.558542
29184 1.049483
29696 0.542429
30208 0.518846
30720 0.540071
31232 0.523562
31744 0.523562
32256 0.556580
32768 63.909985
33280 1.063633
33792 0.547146
34304 0.530638
34816 0.542429
35328 0.518846
35840 0.535354
36352 0.554221
36864 64.006679
37376 1.032974
37888 0.530638
38400 0.521204
38912 0.528279
39424 0.518846
39936 0.521204
40448 0.544788
40960 63.926494
41472 1.035333
41984 0.535354
42496 0.523562
43008 0.530638
43520 0.523562
44032 0.535354
44544 0.551863
45056 64.457131
45568 1.025899
46080 0.532996
46592 0.523562
47104 0.532996
47616 0.523562
48128 0.532996
48640 0.554221
49152 64.067997
49664 1.065992
50176 0.530638
50688 0.525921
