512 4.363020
1024 0.757043
1536 1.584837
2048 0.641482
2560 0.523562
3072 0.532996
3584 0.558938
4096 152.184488
4608 1.686248
5120 1.091934
5632 0.655632
6144 0.679216
6656 0.608464
7168 0.754684
7680 0.568372
8192 396.340252
8704 2.264053
9216 0.886754
9728 0.799494
10240 0.594314
10752 0.544788
11264 0.547146
11776 0.575447
12288 145.927681
12800 2.709789
13312 0.898546
13824 0.792419
14336 0.940997
14848 0.827795
15360 0.759401
15872 0.893829
16384 120.478305
16896 1.542386
17408 0.568372
17920 0.540071
18432 0.525921
18944 0.566013
19456 0.532996
19968 0.547146
20480 71.737478
20992 1.094293
21504 0.532996
22016 0.561297
22528 0.530638
23040 0.532996
23552 0.558938
24064 0.554221
24576 64.648161
25088 1.068350
25600 0.580164
26112 0.535354
26624 0.525921
27136 0.530638
27648 0.540071
28160 0.554221
28672 66.032535
29184 1.051842
29696 0.547146
30208 0.521204
30720 0.528279
31232 0.530638
31744 0.551863
32256 0.551863
32768 64.459490
33280 1.065992
33792 0.563655
34304 0.542429
34816 0.537713
35328 0.549505
35840 0.547146
36352 0.561297
36864 64.659953
37376 1.016466
37888 0.535354
38400 0.528279
38912 0.537713
39424 0.540071
39936 0.547146
40448 0.566013
40960 64.589201
41472 1.051842
41984 0.549505
42496 0.542429
43008 0.523562
43520 0.528279
44032 0.535354
44544 0.551863
45056 64.334495
45568 1.032974
46080 0.551863
46592 0.532996
47104 0.542429
47616 0.521204
48128 0.542429
48640 0.549505
49152 64.584484
49664 1.035333
50176 0.540071
50688 0.535354
