512 1.698040
1024 0.693366
1536 0.561297
2048 0.514129
2560 0.514129
3072 0.511770
3584 0.547146
4096 83.225191
4608 1.245229
5120 0.556580
5632 0.530638
6144 0.535354
6656 0.530638
7168 0.525921
7680 0.547146
8192 66.357993
8704 1.124952
9216 0.540071
9728 0.521204
10240 0.528279
10752 0.537713
11264 0.521204
11776 0.544788
12288 62.726074
12800 1.132027
13312 0.568372
13824 0.532996
14336 0.535354
14848 0.530638
15360 0.523562
15872 0.544788
16384 61.719042
16896 1.134385
17408 0.558938
17920 0.523562
18432 0.525921
18944 0.528279
19456 0.525921
19968 0.540071
20480 63.565660
20992 1.162686
21504 0.523562
22016 0.511770
22528 0.521204
23040 0.516487
23552 0.518846
24064 0.540071
24576 63.244919
25088 1.042408
25600 0.523562
26112 0.523562
26624 0.525921
27136 0.518846
27648 0.521204
28160 0.549505
28672 64.917017
29184 1.063633
29696 0.532996
30208 0.523562
30720 0.518846
31232 0.521204
31744 0.521204
32256 0.547146
32768 64.101015
33280 1.058917
33792 0.532996
34304 0.530638
34816 0.521204
35328 0.521204
35840 0.525921
36352 0.547146
36864 63.839233
37376 1.058917
37888 0.537713
38400 0.521204
38912 0.523562
39424 0.516487
39936 0.523562
40448 0.549505
40960 63.648204
41472 1.030616
41984 0.532996
42496 0.523562
43008 0.523562
43520 0.523562
44032 0.518846
44544 0.542429
45056 63.886401
45568 1.077784
46080 0.525921
46592 0.516487
47104 0.518846
47616 0.521204
48128 0.521204
48640 0.547146
49152 63.688297
49664 1.056558
50176 0.521204
50688 0.523562
