512 1.535311
1024 0.648557
1536 0.540071
2048 0.514129
2560 0.504695
3072 0.504695
3584 0.532996
4096 76.067481
4608 1.315981
5120 0.532996
5632 0.514129
6144 0.516487
6656 0.523562
7168 0.516487
7680 0.540071
8192 65.266059
8704 1.080142
9216 0.554221
9728 0.521204
10240 0.516487
10752 0.511770
11264 0.518846
11776 0.535354
12288 63.138792
12800 1.115518
13312 0.551863
13824 0.518846
14336 0.521204
14848 0.518846
15360 0.521204
15872 0.537713
16384 62.450142
16896 1.089576
17408 0.540071
17920 0.514129
18432 0.516487
18944 0.516487
19456 0.516487
19968 0.530638
20480 64.676462
20992 1.108443
21504 0.521204
22016 0.509412
22528 0.514129
23040 0.507054
23552 0.511770
24064 0.537713
24576 64.167049
25088 1.150894
25600 0.518846
26112 0.509412
26624 0.518846
27136 0.511770
27648 0.509412
28160 0.532996
28672 115.579931
29184 1.308906
29696 0.525921
30208 0.509412
30720 0.516487
31232 0.511770
31744 0.521204
32256 0.537713
32768 75.058090
33280 1.174478
33792 0.525921
34304 0.514129
34816 0.523562
35328 0.514129
35840 0.518846
36352 0.549505
36864 65.997159
37376 1.214570
37888 0.532996
38400 0.514129
38912 0.518846
39424 0.518846
39936 0.516487
40448 0.544788
40960 65.289643
41472 1.089576
41984 0.521204
42496 0.514129
43008 0.518846
43520 0.511770
44032 0.514129
44544 0.532996
45056 64.567976
45568 1.054200
46080 0.528279
46592 0.516487
47104 0.523562
47616 0.518846
48128 0.518846
48640 0.544788
49152 64.025546
49664 1.063633
50176 0.542429
50688 0.516487
