512 1.509369
1024 0.655632
1536 0.523562
2048 0.509412
2560 0.514129
3072 0.516487
3584 0.561297
4096 75.003847
4608 1.205137
5120 0.547146
5632 0.530638
6144 0.532996
6656 0.528279
7168 0.530638
7680 0.573089
8192 65.688210
8704 1.132027
9216 0.551863
9728 0.535354
10240 0.530638
10752 0.537713
11264 0.540071
11776 0.547146
12288 62.160060
12800 1.004674
13312 0.551863
13824 0.525921
14336 0.521204
14848 0.521204
15360 0.525921
15872 0.547146
16384 61.386509
16896 0.976373
17408 0.549505
17920 0.525921
18432 0.523562
18944 0.521204
19456 0.528279
19968 0.544788
20480 62.877011
20992 1.009391
21504 0.535354
22016 0.525921
22528 0.521204
23040 0.518846
23552 0.518846
24064 0.549505
24576 63.624620
25088 0.966940
25600 0.535354
26112 0.525921
26624 0.528279
27136 0.523562
27648 0.525921
28160 0.554221
28672 65.360394
29184 0.978731
29696 0.530638
30208 0.521204
30720 0.521204
31232 0.518846
31744 0.518846
32256 0.544788
32768 103.306874
33280 1.325415
33792 0.554221
34304 0.537713
34816 0.532996
35328 0.537713
35840 0.547146
36352 0.566013
36864 73.374200
37376 1.063633
37888 0.521204
38400 0.525921
38912 0.518846
39424 0.523562
39936 0.523562
40448 0.549505
40960 65.117480
41472 0.974015
41984 0.528279
42496 0.521204
43008 0.521204
43520 0.523562
44032 0.525921
44544 0.549505
45056 63.829800
45568 0.995240
46080 0.566013
46592 0.540071
47104 0.535354
47616 0.530638
48128 0.547146
48640 0.566013
49152 64.980694
49664 1.007032
50176 0.563655
50688 0.540071
