512 1.297114
1024 0.679216
1536 0.540071
2048 0.521204
2560 0.518846
3072 0.521204
3584 0.551863
4096 81.501209
4608 1.294756
5120 0.549505
5632 0.532996
6144 0.525921
6656 0.525921
7168 0.525921
7680 0.549505
8192 173.390532
8704 2.429141
9216 0.622615
9728 0.570730
10240 0.566013
10752 0.568372
11264 0.596672
11776 0.582522
12288 101.722037
12800 1.318339
13312 0.547146
13824 0.556580
14336 0.549505
14848 0.544788
15360 0.537713
15872 0.566013
16384 70.265844
16896 1.141460
17408 0.532996
17920 0.532996
18432 0.535354
18944 0.535354
19456 0.537713
19968 0.547146
20480 64.843907
20992 1.113160
21504 0.551863
22016 0.530638
22528 0.530638
23040 0.525921
23552 0.523562
24064 0.549505
24576 65.032578
25088 1.139102
25600 0.563655
26112 0.535354
26624 0.532996
27136 0.535354
27648 0.535354
28160 0.563655
28672 65.183515
29184 1.115518
29696 0.537713
30208 0.528279
30720 0.528279
31232 0.528279
31744 0.530638
32256 0.556580
32768 64.060922
33280 1.058917
33792 0.535354
34304 0.537713
34816 0.537713
35328 0.540071
35840 0.537713
36352 0.563655
36864 64.004321
37376 1.061275
37888 0.551863
38400 0.525921
38912 0.530638
39424 0.528279
39936 0.540071
40448 0.549505
40960 63.690655
41472 1.101368
41984 0.532996
42496 0.525921
43008 0.525921
43520 0.525921
44032 0.535354
44544 0.547146
45056 76.522650
45568 1.540028
46080 0.667424
46592 0.702800
47104 0.787702
47616 0.841945
48128 0.782985
48640 0.575447
49152 71.555882
49664 1.160327
50176 0.542429
50688 0.528279
