512 1.563612
1024 0.714592
1536 0.556580
2048 0.502337
2560 0.509412
3072 0.509412
3584 0.584880
4096 76.708962
4608 1.308906
5120 0.525921
5632 0.523562
6144 0.521204
6656 0.514129
7168 0.525921
7680 0.540071
8192 66.317900
8704 1.205137
9216 0.551863
9728 0.521204
10240 0.511770
10752 0.514129
11264 0.521204
11776 0.537713
12288 78.234840
12800 1.099009
13312 0.561297
13824 0.514129
14336 0.518846
14848 0.514129
15360 0.514129
15872 0.540071
16384 141.932570
16896 2.867801
17408 0.891471
17920 0.948072
18432 0.841945
18944 0.867887
19456 0.863170
19968 0.900905
20480 173.228393
20992 2.058874
21504 0.929205
22016 0.827795
22528 0.709875
23040 0.863170
23552 0.787702
24064 0.945714
24576 111.669722
25088 1.990480
25600 0.530638
26112 0.521204
26624 0.556580
27136 0.516487
27648 0.523562
28160 0.542429
28672 78.277291
29184 1.202778
29696 0.596672
30208 0.518846
30720 0.523562
31232 0.518846
31744 0.521204
32256 0.540071
32768 68.143293
33280 1.193345
33792 0.542429
34304 0.521204
34816 0.514129
35328 0.514129
35840 0.518846
36352 0.528279
36864 65.832072
37376 1.030616
37888 0.528279
38400 0.516487
38912 0.511770
39424 0.511770
39936 0.516487
40448 0.542429
40960 65.768396
41472 1.070709
41984 0.530638
42496 0.523562
43008 0.521204
43520 0.523562
44032 0.516487
44544 0.551863
45056 65.216533
45568 1.042408
46080 0.523562
46592 0.514129
47104 0.514129
47616 0.518846
48128 0.511770
48640 0.547146
49152 65.197666
49664 1.068350
50176 0.540071
50688 0.523562
