512 1.436259
1024 0.669782
1536 0.535354
2048 0.509412
2560 0.509412
3072 0.502337
3584 0.549505
4096 82.557767
4608 1.207495
5120 0.547146
5632 0.525921
6144 0.511770
6656 0.516487
7168 0.514129
7680 0.537713
8192 86.508069
8704 3.351271
9216 0.865529
9728 0.547146
10240 0.528279
10752 0.521204
11264 0.511770
11776 0.540071
12288 74.286897
12800 1.103726
13312 0.530638
13824 0.521204
14336 0.518846
14848 0.525921
15360 0.530638
15872 0.537713
16384 63.296804
16896 1.023541
17408 0.561297
17920 0.516487
18432 0.514129
18944 0.521204
19456 0.516487
19968 0.530638
20480 63.207185
20992 1.032974
21504 0.525921
22016 0.516487
22528 0.518846
23040 0.521204
23552 0.521204
24064 0.537713
24576 63.610470
25088 1.056558
25600 0.523562
26112 0.521204
26624 0.516487
27136 0.518846
27648 0.532996
28160 0.544788
28672 64.714196
29184 1.023541
29696 0.521204
30208 0.518846
30720 0.516487
31232 0.521204
31744 0.516487
32256 0.544788
32768 63.376989
33280 1.035333
33792 0.535354
34304 0.518846
34816 0.523562
35328 0.528279
35840 0.521204
36352 0.551863
36864 63.907627
37376 1.023541
37888 0.530638
38400 0.516487
38912 0.518846
39424 0.518846
39936 0.518846
40448 0.537713
40960 63.273220
41472 1.002315
41984 0.535354
42496 0.516487
43008 0.521204
43520 0.521204
44032 0.528279
44544 0.540071
45056 63.105774
45568 0.999957
46080 0.530638
46592 0.525921
47104 0.523562
47616 0.532996
48128 0.521204
48640 0.544788
49152 63.020872
49664 0.985807
50176 0.542429
50688 0.518846
