512 1.719266
1024 0.747609
1536 0.525921
2048 0.514129
2560 0.525921
3072 0.523562
3584 0.570730
4096 85.555280
4608 1.549462
5120 0.584880
5632 0.530638
6144 0.521204
6656 0.523562
7168 0.568372
7680 0.544788
8192 66.600907
8704 1.186270
9216 0.537713
9728 0.518846
10240 0.514129
10752 0.518846
11264 0.518846
11776 0.537713
12288 62.549195
12800 1.120235
13312 0.584880
13824 0.525921
14336 0.525921
14848 0.521204
15360 0.537713
15872 0.549505
16384 62.270905
16896 1.044766
17408 0.566013
17920 0.530638
18432 0.523562
18944 0.518846
19456 0.535354
19968 0.551863
20480 62.683623
20992 1.058917
21504 0.530638
22016 0.511770
22528 0.511770
23040 0.509412
23552 0.518846
24064 0.542429
24576 63.610470
25088 1.049483
25600 0.537713
26112 0.528279
26624 0.521204
27136 0.525921
27648 0.530638
28160 0.556580
28672 65.414637
29184 1.028258
29696 0.540071
30208 0.528279
30720 0.523562
31232 0.523562
31744 0.523562
32256 0.554221
32768 64.431189
33280 1.044766
33792 0.530638
34304 0.514129
34816 0.511770
35328 0.518846
35840 0.514129
36352 0.540071
36864 64.388738
37376 1.051842
37888 0.535354
38400 0.521204
38912 0.516487
39424 0.521204
39936 0.516487
40448 0.544788
40960 64.162333
41472 1.035333
41984 0.535354
42496 0.518846
43008 0.509412
43520 0.518846
44032 0.521204
44544 0.535354
45056 64.667028
45568 1.044766
46080 0.547146
46592 0.518846
47104 0.518846
47616 0.516487
48128 0.521204
48640 0.540071
49152 64.228368
49664 1.051842
50176 0.537713
50688 0.516487
