512 1.311264
1024 0.632048
1536 0.547146
2048 0.521204
2560 0.521204
3072 0.525921
3584 0.563655
4096 74.685465
4608 1.509369
5120 0.551863
5632 0.532996
6144 0.528279
6656 0.528279
7168 0.532996
7680 0.556580
8192 65.933483
8704 1.188628
9216 0.551863
9728 0.537713
10240 0.535354
10752 0.540071
11264 0.537713
11776 0.547146
12288 63.056248
12800 1.122593
13312 0.554221
13824 0.528279
14336 0.523562
14848 0.525921
15360 0.525921
15872 0.540071
16384 62.138835
16896 1.023541
17408 0.549505
17920 0.528279
18432 0.532996
18944 0.530638
19456 0.532996
19968 0.544788
20480 64.032621
20992 1.065992
21504 0.537713
22016 0.532996
22528 0.528279
23040 0.525921
23552 0.535354
24064 0.554221
24576 63.683580
25088 1.037691
25600 0.535354
26112 0.528279
26624 0.521204
27136 0.523562
27648 0.525921
28160 0.544788
28672 65.070312
29184 1.087217
29696 0.537713
30208 0.523562
30720 0.518846
31232 0.521204
31744 0.530638
32256 0.547146
32768 64.263743
33280 1.077784
33792 0.547146
34304 0.532996
34816 0.532996
35328 0.528279
35840 0.530638
36352 0.554221
36864 64.553825
37376 1.132027
37888 0.535354
38400 0.535354
38912 0.530638
39424 0.530638
39936 0.532996
40448 0.551863
40960 63.884043
41472 1.165044
41984 0.535354
42496 0.525921
43008 0.525921
43520 0.525921
44032 0.528279
44544 0.558938
45056 63.704805
45568 1.044766
46080 0.532996
46592 0.528279
47104 0.523562
47616 0.525921
48128 0.532996
48640 0.554221
49152 63.999604
49664 1.113160
50176 0.532996
50688 0.523562
