512 1.940954
1024 1.124952
1536 0.813644
2048 0.839587
2560 0.792419
3072 0.806569
3584 0.931564
4096 87.387748
4608 1.306548
5120 0.547146
5632 0.525921
6144 0.745251
6656 0.745251
7168 0.695725
7680 0.853737
8192 120.714144
8704 1.268813
9216 0.577805
9728 0.570730
10240 0.521204
10752 0.525921
11264 0.528279
11776 0.563655
12288 72.919031
12800 1.181553
13312 0.566013
13824 0.530638
14336 0.528279
14848 0.528279
15360 0.535354
15872 0.549505
16384 62.579854
16896 1.068350
17408 0.544788
17920 0.525921
18432 0.525921
18944 0.521204
19456 0.521204
19968 0.540071
20480 62.617588
20992 1.080142
21504 0.537713
22016 0.528279
22528 0.521204
23040 0.530638
23552 0.528279
24064 0.551863
24576 62.643530
25088 1.091934
25600 0.525921
26112 0.525921
26624 0.525921
27136 0.516487
27648 0.523562
28160 0.549505
28672 64.405247
29184 1.080142
29696 0.540071
30208 0.528279
30720 0.528279
31232 0.530638
31744 0.530638
32256 0.554221
32768 63.492550
33280 1.103726
33792 0.532996
34304 0.537713
34816 0.528279
35328 0.540071
35840 0.523562
36352 0.556580
36864 63.459533
37376 1.068350
37888 0.528279
38400 0.528279
38912 0.518846
39424 0.570730
39936 0.523562
40448 0.547146
40960 63.565660
41472 1.061275
41984 0.528279
42496 0.525921
43008 0.525921
43520 0.525921
44032 0.530638
44544 0.549505
45056 63.558585
45568 1.084859
46080 0.535354
46592 0.516487
47104 0.525921
47616 0.523562
48128 0.556580
48640 0.547146
49152 63.471325
49664 1.120235
50176 0.537713
50688 0.518846
