512 1.485785
1024 0.731101
1536 0.542429
2048 0.514129
2560 0.511770
3072 0.504695
3584 0.551863
4096 72.819979
4608 1.190986
5120 0.554221
5632 0.528279
6144 0.525921
6656 0.523562
7168 0.521204
7680 0.547146
8192 70.039438
8704 1.382016
9216 0.653274
9728 0.674499
10240 0.634407
10752 0.627331
11264 0.615540
11776 0.636765
12288 87.526893
12800 1.806526
13312 0.943356
13824 0.705158
14336 0.797136
14848 0.643840
15360 0.712233
15872 0.818361
16384 3733.304526
16896 43.081872
17408 4.337077
17920 0.995240
18432 1.007032
18944 0.955148
19456 0.841945
19968 0.978731
20480 164.000017
20992 1.556537
21504 0.540071
22016 0.528279
22528 0.525921
23040 0.537713
23552 0.528279
24064 0.554221
24576 90.913540
25088 1.507011
25600 0.554221
26112 0.525921
26624 0.528279
27136 0.525921
27648 0.537713
28160 0.549505
28672 73.444952
29184 1.136744
29696 0.551863
30208 0.521204
30720 0.521204
31232 0.518846
31744 0.525921
32256 0.535354
32768 66.032535
33280 1.087217
33792 0.535354
34304 0.523562
34816 0.518846
35328 0.521204
35840 0.521204
36352 0.547146
36864 76.081631
37376 1.108443
37888 0.570730
38400 0.521204
38912 0.521204
39424 0.528279
39936 0.530638
40448 0.591956
40960 83.446880
41472 1.466918
41984 0.919772
42496 0.735817
43008 0.844303
43520 0.827795
44032 0.806569
44544 0.886754
45056 79.138103
45568 1.124952
46080 0.554221
46592 0.528279
47104 0.528279
47616 0.528279
48128 0.551863
48640 0.556580
49152 77.843348
49664 1.198062
50176 0.530638
50688 0.528279
