512 2.393765
1024 2.503430
1536 1.226362
2048 1.156790
2560 1.205726
3072 1.005263
3584 1.104905
4096 152.037088
4608 2.374308
5120 1.165634
5632 1.057148
6144 1.022951
6656 1.067761
7168 1.110801
7680 1.198062
8192 143.325199
8704 2.399661
9216 1.091345
9728 1.048304
10240 1.085449
10752 1.042408
11264 1.045356
11776 1.030616
12288 137.113792
12800 2.205094
13312 1.048304
13824 1.009980
14336 1.097241
14848 1.070709
15360 1.085449
15872 1.064813
16384 153.153785
16896 2.300019
17408 1.042408
17920 0.941587
18432 0.962223
18944 0.971067
19456 1.130258
19968 1.104905
20480 131.769682
20992 2.255799
21504 0.950431
22016 0.922130
22528 0.991703
23040 0.984627
23552 1.042408
24064 1.070709
24576 100.715594
25088 1.291808
25600 0.703979
26112 0.699262
26624 0.698083
27136 0.696314
27648 0.698083
28160 0.724615
28672 181.292904
29184 2.314759
29696 1.216339
30208 1.190986
30720 1.143229
31232 1.214570
31744 1.076605
32256 1.110801
32768 142.325832
33280 2.359568
33792 1.205726
34304 1.094293
34816 1.110801
35328 1.130258
35840 1.125541
36352 1.149125
36864 131.366987
37376 2.462158
37888 1.150894
38400 1.159738
38912 1.180374
39424 1.150894
39936 1.014107
40448 1.210443
40960 156.481472
41472 2.268770
41984 1.055969
42496 1.033564
43008 1.144998
43520 1.093113
44032 1.101957
44544 1.182143
45056 134.247760
45568 2.236342
46080 1.179195
46592 1.101957
47104 1.139102
47616 3.563526
48128 1.214570
48640 1.134385
49152 135.444642
49664 2.242238
50176 0.981679
50688 0.928026
