512 1.563612
1024 0.816003
1536 0.655632
2048 0.632048
2560 0.782985
3072 0.660349
3584 0.747609
4096 86.088276
4608 1.389091
5120 0.540071
5632 0.525921
6144 0.525921
6656 0.528279
7168 0.528279
7680 0.551863
8192 66.544306
8704 1.190986
9216 0.530638
9728 0.523562
10240 0.521204
10752 0.521204
11264 0.525921
11776 0.542429
12288 62.252038
12800 1.106084
13312 0.563655
13824 0.523562
14336 0.518846
14848 0.518846
15360 0.518846
15872 0.544788
16384 61.598764
16896 1.162686
17408 0.535354
17920 0.523562
18432 0.521204
18944 0.528279
19456 0.521204
19968 0.547146
20480 62.693056
20992 1.110801
21504 0.547146
22016 0.528279
22528 0.525921
23040 0.528279
23552 0.525921
24064 0.547146
24576 63.117566
25088 1.106084
25600 0.535354
26112 0.521204
26624 0.521204
27136 0.518846
27648 0.523562
28160 0.542429
28672 64.596276
29184 1.091934
29696 0.528279
30208 0.523562
30720 0.525921
31232 0.518846
31744 0.521204
32256 0.542429
32768 220.009398
33280 1.690965
33792 0.554221
34304 0.528279
34816 0.532996
35328 0.528279
35840 0.532996
36352 0.554221
36864 84.149680
37376 1.235796
37888 0.544788
38400 0.525921
38912 0.523562
39424 0.530638
39936 0.523562
40448 0.554221
40960 66.386294
41472 1.051842
41984 0.532996
42496 0.532996
43008 0.530638
43520 0.532996
44032 0.532996
44544 0.561297
45056 64.631652
45568 1.127310
46080 0.528279
46592 0.530638
47104 0.523562
47616 0.525921
48128 0.525921
48640 0.544788
49152 63.933569
49664 1.065992
50176 0.530638
50688 0.523562
