512 1.410317
1024 0.728742
1536 0.528279
2048 0.507054
2560 0.514129
3072 0.516487
3584 0.554221
4096 74.331706
4608 1.356074
5120 0.634407
5632 0.521204
6144 0.521204
6656 0.521204
7168 0.516487
7680 0.544788
8192 65.405204
8704 1.254663
9216 0.540071
9728 0.528279
10240 0.525921
10752 0.528279
11264 0.523562
11776 0.542429
12288 62.754374
12800 1.200420
13312 0.547146
13824 0.528279
14336 0.514129
14848 0.528279
15360 0.511770
15872 0.535354
16384 62.157702
16896 1.124952
17408 0.547146
17920 0.525921
18432 0.525921
18944 0.525921
19456 0.525921
19968 0.554221
20480 63.558585
20992 1.179195
21504 0.530638
22016 0.518846
22528 0.518846
23040 0.525921
23552 0.528279
24064 0.544788
24576 64.249593
25088 1.103726
25600 0.535354
26112 0.521204
26624 0.518846
27136 0.514129
27648 0.518846
28160 0.542429
28672 65.167006
29184 1.115518
29696 0.537713
30208 0.561297
30720 0.521204
31232 0.516487
31744 0.525921
32256 0.551863
32768 64.600993
33280 1.165044
33792 0.528279
34304 0.525921
34816 0.521204
35328 0.525921
35840 0.523562
36352 0.540071
36864 64.376946
37376 1.132027
37888 0.528279
38400 0.516487
38912 0.518846
39424 0.516487
39936 0.530638
40448 0.542429
40960 162.004820
41472 1.348999
41984 0.620256
42496 0.547146
43008 0.528279
43520 0.528279
44032 0.523562
44544 0.566013
45056 80.569645
45568 1.190986
46080 0.549505
46592 0.514129
47104 0.521204
47616 0.521204
48128 0.516487
48640 0.537713
49152 65.799055
49664 1.077784
50176 0.530638
50688 0.511770
