512 4.238025
1024 0.882038
1536 0.695725
2048 0.540071
2560 0.521204
3072 0.518846
3584 0.551863
4096 167.174408
4608 1.214570
5120 0.566013
5632 0.532996
6144 0.521204
6656 0.523562
7168 0.532996
7680 0.540071
8192 87.246245
8704 1.641439
9216 0.773552
9728 0.646199
10240 0.643840
10752 0.615540
11264 0.650915
11776 0.650915
12288 72.907239
12800 1.087217
13312 0.542429
13824 0.523562
14336 0.523562
14848 0.521204
15360 0.518846
15872 0.547146
16384 63.716597
16896 0.992882
17408 0.568372
17920 0.537713
18432 0.525921
18944 0.521204
19456 0.528279
19968 0.549505
20480 63.874609
20992 1.032974
21504 0.542429
22016 0.530638
22528 0.523562
23040 0.530638
23552 0.532996
24064 0.556580
24576 63.589244
25088 0.978731
25600 0.523562
26112 0.523562
26624 0.521204
27136 0.516487
27648 0.516487
28160 0.537713
28672 65.827355
29184 0.955148
29696 0.525921
30208 0.518846
30720 0.518846
31232 0.518846
31744 0.516487
32256 0.537713
32768 64.596276
33280 0.969298
33792 0.535354
34304 0.525921
34816 0.525921
35328 0.523562
35840 0.528279
36352 0.554221
36864 66.780145
37376 1.348999
37888 0.731101
38400 0.627331
38912 0.646199
39424 0.622615
39936 0.733459
40448 0.818361
40960 79.213572
41472 1.181553
41984 0.530638
42496 0.518846
43008 0.516487
43520 0.518846
44032 0.518846
44544 0.547146
45056 67.032492
45568 1.018824
46080 0.554221
46592 0.537713
47104 0.530638
47616 0.530638
48128 0.537713
48640 0.558938
49152 64.483074
49664 0.999957
50176 0.530638
50688 0.523562
