512 2.528783
1024 1.529415
1536 1.150894
2048 1.139102
2560 1.104905
3072 1.125541
3584 1.168582
4096 4608.511549
4608 7.445434
5120 1.480479
5632 0.841945
6144 1.054200
6656 1.054200
7168 1.060096
7680 1.082501
8192 199.497899
8704 2.001683
9216 0.733459
9728 0.696314
10240 0.693366
10752 0.690418
11264 0.693366
11776 0.764708
12288 95.306039
12800 1.554768
13312 0.739355
13824 0.695135
14336 0.690418
14848 0.684522
15360 0.692187
15872 0.736407
16384 83.123781
16896 1.345461
17408 0.715771
17920 0.699262
18432 0.695135
18944 0.701031
19456 0.696314
19968 0.747020
20480 84.506386
20992 1.423877
21504 0.698083
22016 0.696314
22528 0.690418
23040 0.690418
23552 0.693366
24064 0.744072
24576 82.954566
25088 1.369045
25600 0.703979
26112 0.690418
26624 0.689239
27136 0.678626
27648 0.689239
28160 0.730511
28672 85.236897
29184 1.406189
29696 0.698083
30208 0.702210
30720 0.693366
31232 0.696314
31744 0.696314
32256 0.767656
32768 83.698638
33280 1.406189
33792 0.715771
34304 0.701031
34816 0.687470
35328 0.690418
35840 0.693366
36352 0.739355
36864 83.848396
37376 1.348409
37888 0.721667
38400 0.695135
38912 0.701031
39424 0.693366
39936 0.701031
40448 0.744072
40960 83.820095
41472 1.380837
41984 0.712823
42496 0.681574
43008 0.695135
43520 0.689239
44032 0.684522
44544 0.749968
45056 84.369600
45568 1.452178
46080 0.687470
46592 0.703979
47104 0.687470
47616 0.690418
48128 0.702210
48640 0.733459
49152 115.996776
49664 1.535311
50176 0.695135
50688 0.689239
