512 1.398525
1024 0.676858
1536 0.537713
2048 0.521204
2560 0.514129
3072 0.511770
3584 0.547146
4096 72.900164
4608 1.212212
5120 0.544788
5632 0.532996
6144 0.528279
6656 0.537713
7168 0.525921
7680 0.535354
8192 66.216490
8704 0.981090
9216 0.558938
9728 0.514129
10240 0.514129
10752 0.514129
11264 0.514129
11776 0.532996
12288 109.995266
12800 1.264097
13312 0.554221
13824 0.516487
14336 0.514129
14848 0.511770
15360 0.514129
15872 0.528279
16384 71.532299
16896 1.115518
17408 0.525921
17920 0.518846
18432 0.518846
18944 0.518846
19456 0.516487
19968 0.537713
20480 64.563259
20992 1.101368
21504 0.561297
22016 0.523562
22528 0.525921
23040 0.521204
23552 0.518846
24064 0.542429
24576 63.466608
25088 1.042408
25600 0.577805
26112 0.518846
26624 0.518846
27136 0.518846
27648 0.518846
28160 0.544788
28672 65.056162
29184 1.042408
29696 0.523562
30208 0.509412
30720 0.518846
31232 0.518846
31744 0.511770
32256 0.542429
32768 64.011396
33280 1.002315
33792 0.521204
34304 0.516487
34816 0.516487
35328 0.518846
35840 0.514129
36352 0.540071
36864 63.723672
37376 1.002315
37888 0.525921
38400 0.516487
38912 0.521204
39424 0.525921
39936 0.518846
40448 0.547146
40960 63.839233
41472 1.035333
41984 0.523562
42496 0.514129
43008 0.518846
43520 0.516487
44032 0.516487
44544 0.535354
45056 63.801499
45568 1.101368
46080 0.530638
46592 0.523562
47104 0.523562
47616 0.521204
48128 0.525921
48640 0.549505
49152 63.697730
49664 1.106084
50176 0.523562
50688 0.518846
