512 1.391450
1024 0.676858
1536 0.544788
2048 0.509412
2560 0.507054
3072 0.509412
3584 0.530638
4096 240.324562
4608 2.035290
5120 0.863170
5632 0.761760
6144 0.747609
6656 0.804211
7168 0.778268
7680 0.766476
8192 103.773835
8704 1.360790
9216 0.532996
9728 0.509412
10240 0.514129
10752 0.511770
11264 0.514129
11776 0.542429
12288 71.916716
12800 1.127310
13312 0.547146
13824 0.518846
14336 0.511770
14848 0.516487
15360 0.514129
15872 0.532996
16384 63.803858
16896 1.136744
17408 0.535354
17920 0.514129
18432 0.516487
18944 0.518846
19456 0.518846
19968 0.535354
20480 63.629337
20992 1.056558
21504 0.530638
22016 0.511770
22528 0.509412
23040 0.511770
23552 0.514129
24064 0.537713
24576 63.516134
25088 1.087217
25600 0.521204
26112 0.514129
26624 0.509412
27136 0.511770
27648 0.521204
28160 0.540071
28672 64.865133
29184 1.124952
29696 0.528279
30208 0.518846
30720 0.516487
31232 0.518846
31744 0.518846
32256 0.540071
32768 113.646052
33280 1.240513
33792 0.525921
34304 0.504695
34816 0.511770
35328 0.514129
35840 0.514129
36352 0.532996
36864 70.787048
37376 1.115518
37888 0.528279
38400 0.516487
38912 0.521204
39424 0.516487
39936 0.516487
40448 0.554221
40960 106.351555
41472 1.136744
41984 0.542429
42496 0.511770
43008 0.514129
43520 0.525921
44032 0.516487
44544 0.532996
45056 74.984980
45568 1.188628
46080 0.525921
46592 0.521204
47104 0.511770
47616 0.518846
48128 0.521204
48640 0.547146
49152 65.242475
49664 1.068350
50176 0.537713
50688 0.516487
