512 1.615497
1024 0.676858
1536 0.528279
2048 0.523562
2560 0.521204
3072 0.530638
3584 0.532996
4096 77.463647
4608 1.301831
5120 0.610823
5632 0.535354
6144 0.537713
6656 0.540071
7168 0.530638
7680 0.551863
8192 66.025460
8704 1.193345
9216 0.528279
9728 0.516487
10240 0.518846
10752 0.516487
11264 0.518846
11776 0.540071
12288 62.919462
12800 1.148535
13312 0.584880
13824 0.525921
14336 0.525921
14848 0.523562
15360 0.532996
15872 0.547146
16384 61.990256
16896 1.108443
17408 0.525921
17920 0.516487
18432 0.521204
18944 0.518846
19456 0.516487
19968 0.540071
20480 63.277937
20992 1.129668
21504 0.551863
22016 0.525921
22528 0.525921
23040 0.523562
23552 0.518846
24064 0.551863
24576 64.218934
25088 1.113160
25600 0.535354
26112 0.514129
26624 0.516487
27136 0.521204
27648 0.514129
28160 0.544788
28672 65.096255
29184 1.146177
29696 0.532996
30208 0.518846
30720 0.509412
31232 0.511770
31744 0.521204
32256 0.544788
32768 64.596276
33280 1.129668
33792 0.537713
34304 0.518846
34816 0.516487
35328 0.516487
35840 0.516487
36352 0.542429
36864 239.086408
37376 1.528236
37888 0.594314
38400 0.518846
38912 0.514129
39424 0.514129
39936 0.518846
40448 0.608464
40960 84.229865
41472 1.325415
41984 0.570730
42496 0.525921
43008 0.528279
43520 0.523562
44032 0.537713
44544 0.558938
45056 67.223522
45568 1.188628
46080 0.537713
46592 0.516487
47104 0.521204
47616 0.516487
48128 0.521204
48640 0.542429
49152 65.428788
49664 1.075425
50176 0.525921
50688 0.518846
