512 1.636722
1024 0.683933
1536 0.603748
2048 0.514129
2560 0.511770
3072 0.511770
3584 0.573089
4096 2527.468455
4608 5.372410
5120 0.615540
5632 0.537713
6144 0.514129
6656 0.532996
7168 0.521204
7680 0.584880
8192 179.223418
8704 1.370224
9216 0.556580
9728 0.525921
10240 0.525921
10752 0.528279
11264 0.523562
11776 0.563655
12288 78.659350
12800 1.188628
13312 0.566013
13824 0.525921
14336 0.525921
14848 0.523562
15360 0.540071
15872 0.561297
16384 65.133989
16896 1.082501
17408 0.544788
17920 0.525921
18432 0.523562
18944 0.530638
19456 0.535354
19968 0.547146
20480 64.412322
20992 1.025899
21504 0.523562
22016 0.521204
22528 0.518846
23040 0.523562
23552 0.523562
24064 0.570730
24576 64.091581
25088 1.028258
25600 0.537713
26112 0.535354
26624 0.528279
27136 0.540071
27648 0.532996
28160 0.554221
28672 65.374545
29184 1.068350
29696 0.551863
30208 0.535354
30720 0.540071
31232 0.532996
31744 0.549505
32256 0.570730
32768 64.832115
33280 1.032974
33792 0.530638
34304 0.516487
34816 0.523562
35328 0.523562
35840 0.523562
36352 0.549505
36864 64.384021
37376 1.044766
37888 0.532996
38400 0.523562
38912 0.528279
39424 0.523562
39936 0.528279
40448 0.542429
40960 64.650519
41472 1.018824
41984 0.540071
42496 0.525921
43008 0.518846
43520 0.523562
44032 0.521204
44544 0.549505
45056 64.471282
45568 1.073067
46080 0.537713
46592 0.540071
47104 0.530638
47616 0.532996
48128 0.530638
48640 0.549505
49152 64.256668
49664 1.087217
50176 0.535354
50688 0.516487
