512 1.577762
1024 0.662707
1536 0.525921
2048 0.511770
2560 0.516487
3072 0.514129
3584 0.566013
4096 78.807929
4608 1.492860
5120 0.551863
5632 0.530638
6144 0.528279
6656 0.528279
7168 0.530638
7680 0.554221
8192 65.339169
8704 1.287680
9216 0.558938
9728 0.547146
10240 0.544788
10752 0.542429
11264 0.544788
11776 0.561297
12288 62.827485
12800 1.084859
13312 0.601389
13824 0.542429
14336 0.537713
14848 0.542429
15360 0.544788
15872 0.556580
16384 62.228454
16896 1.075425
17408 0.551863
17920 0.544788
18432 0.542429
18944 0.544788
19456 0.540071
19968 0.563655
20480 63.497267
20992 1.044766
21504 0.547146
22016 0.532996
22528 0.530638
23040 0.535354
23552 0.537713
24064 0.566013
24576 63.803858
25088 1.032974
25600 0.540071
26112 0.535354
26624 0.532996
27136 0.530638
27648 0.530638
28160 0.556580
28672 92.340365
29184 1.157969
29696 0.542429
30208 0.535354
30720 0.532996
31232 0.542429
31744 0.528279
32256 0.554221
32768 67.405118
33280 1.037691
33792 0.544788
34304 0.530638
34816 0.528279
35328 0.530638
35840 0.535354
36352 0.554221
36864 65.091538
37376 1.058917
37888 0.532996
38400 0.532996
38912 0.532996
39424 0.528279
39936 0.532996
40448 0.554221
40960 64.730704
41472 1.028258
41984 0.542429
42496 0.530638
43008 0.532996
43520 0.532996
44032 0.535354
44544 0.554221
45056 64.266102
45568 1.025899
46080 0.537713
46592 0.530638
47104 0.535354
47616 0.530638
48128 0.532996
48640 0.551863
49152 64.341570
49664 1.016466
50176 0.556580
50688 0.542429
