512 1.367866
1024 0.665066
1536 0.542429
2048 0.511770
2560 0.509412
3072 0.514129
3584 0.554221
4096 119.737771
4608 1.221646
5120 0.542429
5632 0.528279
6144 0.525921
6656 0.523562
7168 0.523562
7680 0.573089
8192 72.739794
8704 1.224004
9216 0.577805
9728 0.535354
10240 0.528279
10752 0.532996
11264 0.537713
11776 0.549505
12288 63.770840
12800 1.117876
13312 0.554221
13824 0.528279
14336 0.528279
14848 0.523562
15360 0.525921
15872 0.542429
16384 62.353448
16896 0.990523
17408 0.556580
17920 0.523562
18432 0.521204
18944 0.521204
19456 0.525921
19968 0.549505
20480 62.605796
20992 1.023541
21504 0.537713
22016 0.528279
22528 0.528279
23040 0.532996
23552 0.528279
24064 0.554221
24576 63.417082
25088 1.018824
25600 0.530638
26112 0.521204
26624 0.530638
27136 0.521204
27648 0.525921
28160 0.556580
28672 64.428831
29184 1.042408
29696 0.528279
30208 0.523562
30720 0.523562
31232 0.518846
31744 0.530638
32256 0.549505
32768 64.112807
33280 1.042408
33792 0.535354
34304 0.521204
34816 0.525921
35328 0.521204
35840 0.523562
36352 0.551863
36864 64.209500
37376 1.056558
37888 0.530638
38400 0.523562
38912 0.518846
39424 0.521204
39936 0.525921
40448 0.551863
40960 64.009037
41472 1.068350
41984 0.528279
42496 0.525921
43008 0.523562
43520 0.521204
44032 0.523562
44544 0.544788
45056 63.681221
45568 1.042408
46080 0.523562
46592 0.521204
47104 0.521204
47616 0.525921
48128 0.528279
48640 0.549505
49152 63.683580
49664 1.030616
50176 0.530638
50688 0.523562
