512 1.518803
1024 0.686291
1536 0.544788
2048 0.511770
2560 0.514129
3072 0.521204
3584 0.544788
4096 72.454429
4608 1.176836
5120 0.528279
5632 0.525921
6144 0.523562
6656 0.523562
7168 0.528279
7680 0.587239
8192 65.485389
8704 1.108443
9216 0.535354
9728 0.530638
10240 0.525921
10752 0.525921
11264 0.530638
11776 0.568372
12288 64.362796
12800 1.044766
13312 0.566013
13824 0.518846
14336 0.518846
14848 0.518846
15360 0.521204
15872 0.537713
16384 62.318072
16896 1.073067
17408 0.523562
17920 0.521204
18432 0.523562
18944 0.516487
19456 0.521204
19968 0.542429
20480 63.624620
20992 1.065992
21504 0.525921
22016 0.523562
22528 0.521204
23040 0.518846
23552 0.516487
24064 0.547146
24576 63.874609
25088 1.089576
25600 0.540071
26112 0.521204
26624 0.521204
27136 0.521204
27648 0.535354
28160 0.554221
28672 65.551424
29184 1.063633
29696 0.530638
30208 0.532996
30720 0.532996
31232 0.523562
31744 0.525921
32256 0.554221
32768 64.523166
33280 1.037691
33792 0.530638
34304 0.528279
34816 0.521204
35328 0.525921
35840 0.525921
36352 0.549505
36864 64.405247
37376 1.077784
37888 0.525921
38400 0.521204
38912 0.518846
39424 0.518846
39936 0.523562
40448 0.544788
40960 124.334271
41472 1.683890
41984 0.523562
42496 0.518846
43008 0.518846
43520 0.523562
44032 0.521204
44544 0.544788
45056 76.131157
45568 1.058917
46080 0.528279
46592 0.532996
47104 0.525921
47616 0.528279
48128 0.525921
48640 0.551863
49152 103.363476
49664 1.047125
50176 0.558938
50688 0.518846
