512 2.067128
1024 1.036512
1536 0.739355
2048 0.695135
2560 0.695135
3072 0.690418
3584 0.730511
4096 99.116607
4608 1.761127
5120 0.706927
5632 0.702210
6144 0.709875
6656 0.708106
7168 0.709875
7680 0.727563
8192 87.731483
8704 1.838364
9216 0.882038
9728 0.916234
10240 1.048304
10752 0.834280
11264 0.856685
11776 1.002315
12288 102.130628
12800 1.783532
13312 0.712823
13824 0.699262
14336 0.706927
14848 0.701031
15360 0.702210
15872 0.733459
16384 83.769979
16896 1.491091
17408 0.761760
17920 0.715771
18432 0.712823
18944 0.715771
19456 0.727563
19968 0.749968
20480 83.358440
20992 1.468687
21504 0.739355
22016 0.703979
22528 0.698083
23040 0.701031
23552 0.698083
24064 0.721667
24576 85.715061
25088 1.406189
25600 0.733459
26112 0.712823
26624 0.702210
27136 0.749968
27648 0.712823
28160 0.755864
28672 88.020976
29184 1.337796
29696 0.738176
30208 0.709875
30720 0.715771
31232 0.705158
31744 0.709875
32256 0.742303
32768 84.348964
33280 1.400294
33792 0.718719
34304 0.702210
34816 0.699262
35328 0.706927
35840 0.702210
36352 0.727563
36864 122.260068
37376 1.761127
37888 0.752916
38400 0.703979
38912 0.695135
39424 0.709875
39936 0.701031
40448 0.733459
40960 97.298878
41472 1.455126
41984 0.706927
42496 0.699262
43008 0.698083
43520 0.703979
44032 0.698083
44544 0.727563
45056 85.331822
45568 1.366097
46080 0.715771
46592 0.699262
47104 0.706927
47616 0.698083
48128 0.706927
48640 0.730511
49152 85.225105
49664 1.406189
50176 0.747020
50688 0.709875
