512 1.384374
1024 0.613181
1536 0.563655
2048 0.509412
2560 0.511770
3072 0.509412
3584 0.570730
4096 75.183085
4608 1.096651
5120 0.563655
5632 0.525921
6144 0.521204
6656 0.525921
7168 0.530638
7680 0.544788
8192 65.124555
8704 1.075425
9216 0.547146
9728 0.530638
10240 0.530638
10752 0.530638
11264 0.523562
11776 0.549505
12288 62.492593
12800 1.044766
13312 0.594314
13824 0.540071
14336 0.540071
14848 0.535354
15360 0.542429
15872 0.556580
16384 61.544521
16896 1.032974
17408 0.544788
17920 0.528279
18432 0.525921
18944 0.528279
19456 0.530638
19968 0.549505
20480 62.959554
20992 1.016466
21504 0.537713
22016 0.523562
22528 0.528279
23040 0.523562
23552 0.523562
24064 0.549505
24576 63.391139
25088 1.032974
25600 0.530638
26112 0.525921
26624 0.521204
27136 0.523562
27648 0.525921
28160 0.547146
28672 64.348645
29184 1.032974
29696 0.551863
30208 0.542429
30720 0.537713
31232 0.537713
31744 0.544788
32256 0.558938
32768 63.810933
33280 1.016466
33792 0.547146
34304 0.525921
34816 0.528279
35328 0.523562
35840 0.528279
36352 0.544788
36864 63.655279
37376 1.037691
37888 0.537713
38400 0.528279
38912 0.525921
39424 0.525921
39936 0.525921
40448 0.556580
40960 63.551510
41472 0.988165
41984 0.532996
42496 0.535354
43008 0.525921
43520 0.528279
44032 0.532996
44544 0.551863
45056 63.471325
45568 1.016466
46080 0.547146
46592 0.523562
47104 0.521204
47616 0.525921
48128 0.535354
48640 0.551863
49152 63.735464
49664 1.040050
50176 0.556580
50688 0.537713
