512 1.294756
1024 0.683933
1536 0.558938
2048 0.509412
2560 0.511770
3072 0.518846
3584 0.554221
4096 74.055775
4608 1.202778
5120 0.537713
5632 0.528279
6144 0.525921
6656 0.528279
7168 0.540071
7680 0.547146
8192 64.721271
8704 1.120235
9216 0.542429
9728 0.528279
10240 0.528279
10752 0.525921
11264 0.535354
11776 0.549505
12288 63.093982
12800 1.065992
13312 0.573089
13824 0.530638
14336 0.530638
14848 0.525921
15360 0.532996
15872 0.551863
16384 149.179900
16896 2.419707
17408 0.931564
17920 0.780627
18432 0.834870
18944 0.780627
19456 0.872604
19968 0.886754
20480 111.716890
20992 1.804168
21504 0.896188
22016 0.775910
22528 0.811286
23040 0.537713
23552 0.544788
24064 0.556580
24576 171.816308
25088 3.806440
25600 0.823078
26112 0.957506
26624 1.537670
27136 0.731101
27648 0.662707
28160 0.726384
28672 202.873344
29184 3.891342
29696 1.132027
30208 0.775910
30720 0.719309
31232 0.853737
31744 0.740534
32256 0.691008
32768 442.513383
33280 2.608378
33792 0.886754
34304 0.834870
34816 0.844303
35328 0.846662
35840 0.827795
36352 0.834870
36864 1295.891157
37376 3.278161
37888 0.606106
38400 0.532996
38912 0.532996
39424 0.537713
39936 0.535354
40448 0.608464
40960 110.999939
41472 1.339565
41984 0.540071
42496 0.525921
43008 0.528279
43520 0.521204
44032 0.532996
44544 0.542429
45056 70.782331
45568 1.021182
46080 0.566013
46592 0.521204
47104 0.521204
47616 0.523562
48128 0.530638
48640 0.542429
49152 65.400487
49664 1.051842
50176 0.540071
50688 0.535354
