512 1.410317
1024 0.681574
1536 0.523562
2048 0.516487
2560 0.521204
3072 0.518846
3584 0.568372
4096 81.352631
4608 1.318339
5120 0.537713
5632 0.566013
6144 0.523562
6656 0.521204
7168 0.575447
7680 0.549505
8192 90.382902
8704 1.360790
9216 0.568372
9728 0.518846
10240 0.516487
10752 0.523562
11264 0.521204
11776 0.540071
12288 67.133903
12800 1.113160
13312 0.549505
13824 0.528279
14336 0.528279
14848 0.528279
15360 0.535354
15872 0.547146
16384 5154.328859
16896 15.810640
17408 0.679216
17920 0.528279
18432 0.521204
18944 0.657991
19456 0.525921
19968 0.596672
20480 343.827182
20992 4.671969
21504 0.591956
22016 0.532996
22528 0.532996
23040 0.662707
23552 0.591956
24064 0.556580
24576 119.534949
25088 2.393765
25600 0.676858
26112 0.521204
26624 0.525921
27136 1.065992
27648 0.525921
28160 0.542429
28672 106.858608
29184 1.879636
29696 0.568372
30208 0.535354
30720 0.518846
31232 0.523562
31744 0.745251
32256 0.547146
32768 108.184023
33280 1.497577
33792 0.617898
34304 0.695725
34816 0.518846
35328 0.530638
35840 1.084859
36352 0.547146
36864 109.120303
37376 2.054157
37888 0.735817
38400 1.110801
38912 0.525921
39424 0.535354
39936 0.525921
40448 0.716950
40960 111.714531
41472 1.646156
41984 0.724025
42496 0.936280
43008 0.771193
43520 0.570730
44032 0.532996
44544 0.726384
45056 102.653601
45568 1.610780
46080 0.587239
46592 0.525921
47104 0.521204
47616 0.608464
48128 0.575447
48640 0.641482
49152 126.051178
49664 2.115475
50176 0.698083
50688 0.570730
