512 1.216929
1024 0.714592
1536 0.540071
2048 0.514129
2560 0.516487
3072 0.525921
3584 0.547146
4096 74.317556
4608 1.294756
5120 0.570730
5632 0.530638
6144 0.532996
6656 0.528279
7168 0.535354
7680 0.554221
8192 64.992486
8704 1.172119
9216 0.554221
9728 0.525921
10240 0.530638
10752 0.532996
11264 0.530638
11776 0.540071
12288 63.060965
12800 1.157969
13312 0.582522
13824 0.532996
14336 0.532996
14848 0.528279
15360 0.530638
15872 0.554221
16384 61.950164
16896 1.080142
17408 0.544788
17920 0.521204
18432 0.523562
18944 0.523562
19456 0.525921
19968 0.547146
20480 62.912387
20992 1.106084
21504 0.535354
22016 0.528279
22528 0.523562
23040 0.530638
23552 0.540071
24064 0.558938
24576 63.450099
25088 1.077784
25600 0.540071
26112 0.523562
26624 0.528279
27136 0.525921
27648 0.523562
28160 0.549505
28672 65.157573
29184 1.101368
29696 0.549505
30208 0.525921
30720 0.530638
31232 0.523562
31744 0.530638
32256 0.549505
32768 64.348645
33280 1.028258
33792 0.587239
34304 0.570730
34816 0.535354
35328 0.537713
35840 0.542429
36352 0.554221
36864 64.447698
37376 1.094293
37888 0.540071
38400 0.521204
38912 0.525921
39424 0.525921
39936 0.530638
40448 0.554221
40960 64.138749
41472 1.084859
41984 0.540071
42496 0.523562
43008 0.521204
43520 0.518846
44032 0.530638
44544 0.554221
45056 64.240160
45568 1.115518
46080 0.547146
46592 0.523562
47104 0.523562
47616 0.518846
48128 0.525921
48640 0.547146
49152 63.985454
49664 1.042408
50176 0.542429
50688 0.518846
