512 1.856052
1024 0.867887
1536 0.629690
2048 0.577805
2560 0.502337
3072 0.629690
3584 0.525921
4096 78.465962
4608 1.393808
5120 0.556580
5632 0.523562
6144 0.514129
6656 0.514129
7168 0.516487
7680 0.537713
8192 66.926365
8704 1.238154
9216 0.558938
9728 0.523562
10240 0.518846
10752 0.521204
11264 0.518846
11776 0.537713
12288 69.185701
12800 1.379658
13312 0.686291
13824 0.608464
14336 0.608464
14848 0.606106
15360 0.648557
15872 0.641482
16384 89.774438
16896 2.089533
17408 0.834870
17920 0.700442
18432 0.740534
18944 0.813644
19456 0.860812
19968 1.021182
20480 130.463135
20992 2.372539
21504 1.068350
22016 0.856095
22528 0.926847
23040 0.915055
23552 1.065992
24064 0.936280
24576 97.689192
25088 23.723036
25600 1.749925
26112 2.094249
26624 1.690965
27136 1.825393
27648 1.889070
28160 0.893829
28672 214.254929
29184 1.551820
29696 0.603748
30208 0.521204
30720 0.523562
31232 0.521204
31744 0.530638
32256 0.540071
32768 83.069538
33280 1.195703
33792 0.544788
34304 0.518846
34816 0.518846
35328 0.514129
35840 0.525921
36352 0.547146
36864 67.089094
37376 1.096651
37888 0.568372
38400 0.518846
38912 0.516487
39424 0.516487
39936 0.518846
40448 0.535354
40960 64.947676
41472 1.016466
41984 0.523562
42496 0.516487
43008 0.518846
43520 0.554221
44032 0.514129
44544 0.540071
45056 64.082147
45568 1.068350
46080 0.525921
46592 0.516487
47104 0.521204
47616 0.516487
48128 0.518846
48640 0.549505
49152 64.577409
49664 1.037691
50176 0.523562
50688 0.518846
