512 1.577762
1024 0.695725
1536 0.591956
2048 0.514129
2560 0.502337
3072 0.518846
3584 0.568372
4096 78.428228
4608 1.172119
5120 0.547146
5632 0.518846
6144 0.521204
6656 0.521204
7168 0.523562
7680 0.542429
8192 66.567890
8704 1.087217
9216 0.544788
9728 0.521204
10240 0.511770
10752 0.570730
11264 0.514129
11776 0.540071
12288 63.987812
12800 1.084859
13312 0.537713
13824 0.525921
14336 0.518846
14848 0.518846
15360 0.523562
15872 0.537713
16384 62.624663
16896 1.002315
17408 0.549505
17920 0.518846
18432 0.516487
18944 0.514129
19456 0.521204
19968 0.542429
20480 64.204784
20992 1.054200
21504 0.537713
22016 0.528279
22528 0.521204
23040 0.525921
23552 0.535354
24064 0.556580
24576 64.490149
25088 1.035333
25600 0.540071
26112 0.521204
26624 0.516487
27136 0.518846
27648 0.518846
28160 0.537713
28672 67.369742
29184 1.049483
29696 0.532996
30208 0.525921
30720 0.518846
31232 0.516487
31744 0.535354
32256 0.540071
32768 71.263442
33280 1.497577
33792 1.021182
34304 0.561297
34816 0.521204
35328 0.709875
35840 0.577805
36352 0.568372
36864 105.835067
37376 1.466918
37888 0.639123
38400 0.561297
38912 0.516487
39424 0.558938
39936 0.549505
40448 0.542429
40960 2347.222675
41472 4.249817
41984 0.632048
42496 0.528279
43008 0.516487
43520 0.523562
44032 0.535354
44544 0.577805
45056 136.715814
45568 1.200420
46080 0.542429
46592 0.518846
47104 0.514129
47616 0.521204
48128 0.525921
48640 0.549505
49152 85.335950
49664 1.174478
50176 0.521204
50688 0.530638
