512 1.646156
1024 0.915055
1536 0.669782
2048 0.622615
2560 0.615540
3072 0.641482
3584 0.693366
4096 81.812516
4608 1.122593
5120 0.525921
5632 0.511770
6144 0.507054
6656 0.509412
7168 0.532996
7680 0.535354
8192 67.327291
8704 1.049483
9216 0.551863
9728 0.516487
10240 0.518846
10752 0.516487
11264 0.511770
11776 0.542429
12288 63.068040
12800 1.068350
13312 0.535354
13824 0.518846
14336 0.511770
14848 0.516487
15360 0.518846
15872 0.542429
16384 62.079875
16896 1.032974
17408 0.521204
17920 0.549505
18432 0.516487
18944 0.511770
19456 0.518846
19968 0.532996
20480 63.388781
20992 1.094293
21504 0.549505
22016 0.523562
22528 0.525921
23040 0.525921
23552 0.535354
24064 0.551863
24576 63.612828
25088 1.087217
25600 0.542429
26112 0.528279
26624 0.530638
27136 0.518846
27648 0.528279
28160 0.547146
28672 73.812861
29184 1.771150
29696 0.780627
30208 0.768835
30720 0.797136
31232 0.634407
31744 0.629690
32256 0.632048
32768 75.359964
33280 1.160327
33792 0.530638
34304 0.518846
34816 0.516487
35328 0.516487
35840 0.523562
36352 0.537713
36864 66.556098
37376 1.087217
37888 0.528279
38400 0.525921
38912 0.521204
39424 0.516487
39936 0.516487
40448 0.542429
40960 64.799098
41472 1.063633
41984 0.542429
42496 0.514129
43008 0.516487
43520 0.518846
44032 0.528279
44544 0.542429
45056 129.638288
45568 1.853694
46080 0.573089
46592 0.547146
47104 0.551863
47616 0.549505
48128 0.561297
48640 0.561297
49152 86.932579
49664 1.287680
50176 0.563655
50688 0.525921
