512 3.596543
1024 1.589554
1536 0.931564
2048 0.660349
2560 0.532996
3072 0.547146
3584 0.660349
4096 145.816837
4608 2.323013
5120 0.648557
5632 0.561297
6144 0.551863
6656 0.563655
7168 0.554221
7680 0.589597
8192 100.913109
8704 1.674456
9216 0.610823
9728 0.523562
10240 0.518846
10752 0.561297
11264 0.540071
11776 0.549505
12288 73.923705
12800 1.391450
13312 0.561297
13824 0.521204
14336 0.523562
14848 0.521204
15360 0.521204
15872 0.549505
16384 65.155215
16896 1.202778
17408 0.542429
17920 0.525921
18432 0.518846
18944 0.523562
19456 0.525921
19968 0.566013
20480 65.126914
20992 1.162686
21504 0.523562
22016 0.532996
22528 0.521204
23040 0.525921
23552 0.518846
24064 0.561297
24576 64.636369
25088 1.252305
25600 0.532996
26112 0.521204
26624 0.523562
27136 0.525921
27648 0.530638
28160 0.554221
28672 72.324717
29184 1.537670
29696 0.716950
30208 0.787702
30720 0.820719
31232 0.816003
31744 0.686291
32256 0.764118
32768 78.260782
33280 1.139102
33792 0.584880
34304 0.530638
34816 0.530638
35328 0.525921
35840 0.537713
36352 0.570730
36864 66.935798
37376 1.077784
37888 0.525921
38400 0.525921
38912 0.521204
39424 0.525921
39936 0.523562
40448 0.558938
40960 64.657594
41472 0.988165
41984 0.528279
42496 0.523562
43008 0.518846
43520 0.518846
44032 0.521204
44544 0.556580
45056 117.718990
45568 1.327773
46080 0.544788
46592 0.523562
47104 0.523562
47616 0.523562
48128 0.521204
48640 0.561297
49152 74.350573
49664 1.042408
50176 0.525921
50688 0.521204
