512 2.455083
1024 1.021182
1536 4.400754
2048 0.860812
2560 0.870246
3072 0.851378
3584 1.132027
4096 104.000241
4608 15.287078
5120 0.931564
5632 0.540071
6144 0.535354
6656 0.587239
7168 0.537713
7680 0.610823
8192 426.748142
8704 4.457355
9216 0.669782
9728 0.594314
10240 0.523562
10752 0.521204
11264 0.537713
11776 0.582522
12288 161.351546
12800 2.150851
13312 0.745251
13824 0.568372
14336 0.523562
14848 0.518846
15360 0.575447
15872 0.773552
16384 97.932106
16896 1.348999
17408 0.599031
17920 0.523562
18432 0.655632
18944 0.641482
19456 0.577805
19968 0.544788
20480 92.090376
20992 1.681531
21504 0.620256
22016 0.514129
22528 0.523562
23040 0.676858
23552 0.558938
24064 0.544788
24576 96.361419
25088 1.962180
25600 0.613181
26112 0.521204
26624 0.530638
27136 0.563655
27648 0.575447
28160 0.674499
28672 105.087458
29184 2.268770
29696 0.596672
30208 0.528279
30720 0.535354
31232 0.561297
31744 0.945714
32256 0.556580
32768 140.934972
33280 2.176793
33792 0.728742
34304 0.521204
34816 0.516487
35328 0.521204
35840 0.523562
36352 0.544788
36864 109.865554
37376 2.575361
37888 0.643840
38400 0.596672
38912 0.528279
39424 0.712233
39936 0.537713
40448 0.721667
40960 105.457725
41472 1.837185
41984 0.575447
42496 0.900905
43008 0.660349
43520 0.945714
44032 0.561297
44544 0.969298
45056 109.412744
45568 1.879636
46080 0.589597
46592 0.525921
47104 0.525921
47616 0.530638
48128 0.528279
48640 0.608464
49152 107.556691
49664 1.950388
50176 0.676858
50688 0.568372
