512 1.372582
1024 0.653274
1536 0.530638
2048 0.511770
2560 0.504695
3072 0.514129
3584 0.563655
4096 75.088749
4608 1.259380
5120 0.530638
5632 0.525921
6144 0.528279
6656 0.530638
7168 0.523562
7680 0.544788
8192 65.742453
8704 1.212212
9216 0.537713
9728 0.525921
10240 0.530638
10752 0.528279
11264 0.532996
11776 0.547146
12288 62.735507
12800 1.091934
13312 0.573089
13824 0.523562
14336 0.518846
14848 0.523562
15360 0.528279
15872 0.537713
16384 61.716683
16896 1.065992
17408 0.577805
17920 0.530638
18432 0.535354
18944 0.530638
19456 0.544788
19968 0.558938
20480 64.825040
20992 1.030616
21504 0.532996
22016 0.516487
22528 0.521204
23040 0.525921
23552 0.540071
24064 0.544788
24576 64.884000
25088 1.063633
25600 0.537713
26112 0.523562
26624 0.518846
27136 0.521204
27648 0.528279
28160 0.554221
28672 66.381577
29184 1.061275
29696 0.544788
30208 0.523562
30720 0.530638
31232 0.528279
31744 0.535354
32256 0.547146
32768 65.136347
33280 1.051842
33792 0.535354
34304 0.521204
34816 0.518846
35328 0.523562
35840 0.530638
36352 0.556580
36864 64.471282
37376 1.032974
37888 0.540071
38400 0.530638
38912 0.525921
39424 0.525921
39936 0.544788
40448 0.558938
40960 65.008994
41472 1.063633
41984 0.532996
42496 0.525921
43008 0.523562
43520 0.523562
44032 0.532996
44544 0.556580
45056 64.893433
45568 1.014107
46080 0.544788
46592 0.523562
47104 0.518846
47616 0.523562
48128 0.537713
48640 0.547146
49152 64.850982
49664 1.047125
50176 0.540071
50688 0.523562
