512 1.476352
1024 0.700442
1536 0.544788
2048 0.521204
2560 0.521204
3072 0.518846
3584 0.563655
4096 118.792057
4608 1.327773
5120 0.547146
5632 0.511770
6144 0.532996
6656 0.516487
7168 0.530638
7680 0.535354
8192 82.038922
8704 1.811243
9216 0.808927
9728 0.700442
10240 0.757043
10752 0.721667
11264 0.742893
11776 0.641482
12288 74.926020
12800 1.266455
13312 0.587239
13824 0.521204
14336 0.523562
14848 0.518846
15360 0.514129
15872 0.537713
16384 64.527883
16896 1.214570
17408 0.532996
17920 0.521204
18432 0.516487
18944 0.516487
19456 0.518846
19968 0.542429
20480 63.978378
20992 1.025899
21504 0.542429
22016 0.514129
22528 0.523562
23040 0.518846
23552 0.521204
24064 0.542429
24576 63.584527
25088 1.058917
25600 0.547146
26112 0.516487
26624 0.525921
27136 0.516487
27648 0.523562
28160 0.544788
28672 65.782546
29184 1.054200
29696 0.530638
30208 0.523562
30720 0.518846
31232 0.516487
31744 0.521204
32256 0.549505
32768 64.268460
33280 1.113160
33792 0.530638
34304 0.518846
34816 0.511770
35328 0.518846
35840 0.518846
36352 0.544788
36864 64.034980
37376 1.087217
37888 0.518846
38400 0.516487
38912 0.518846
39424 0.516487
39936 0.514129
40448 0.554221
40960 63.853384
41472 1.099009
41984 0.540071
42496 0.516487
43008 0.516487
43520 0.528279
44032 0.521204
44544 0.544788
45056 64.195350
45568 1.099009
46080 0.551863
46592 0.523562
47104 0.516487
47616 0.523562
48128 0.525921
48640 0.554221
49152 64.084506
49664 1.113160
50176 0.584880
50688 0.523562
