512 1.771150
1024 0.709875
1536 0.554221
2048 0.511770
2560 0.507054
3072 0.521204
3584 0.558938
4096 78.074470
4608 1.275888
5120 0.523562
5632 0.518846
6144 0.514129
6656 0.523562
7168 0.516487
7680 0.544788
8192 66.343843
8704 1.117876
9216 0.530638
9728 0.516487
10240 0.518846
10752 0.511770
11264 0.514129
11776 0.537713
12288 63.287370
12800 1.070709
13312 0.551863
13824 0.530638
14336 0.525921
14848 0.532996
15360 0.523562
15872 0.540071
16384 62.506744
16896 1.056558
17408 0.551863
17920 0.516487
18432 0.521204
18944 0.518846
19456 0.523562
19968 0.544788
20480 63.480758
20992 1.061275
21504 0.532996
22016 0.518846
22528 0.521204
23040 0.523562
23552 0.521204
24064 0.540071
24576 143.524483
25088 2.280562
25600 0.665066
26112 0.558938
26624 0.549505
27136 0.551863
27648 0.582522
28160 0.577805
28672 93.545502
29184 1.209854
29696 0.540071
30208 0.525921
30720 0.528279
31232 0.521204
31744 0.518846
32256 0.544788
32768 69.916802
33280 1.099009
33792 0.551863
34304 0.528279
34816 0.523562
35328 0.525921
35840 0.528279
36352 0.587239
36864 65.610384
37376 1.153252
37888 0.532996
38400 0.521204
38912 0.516487
39424 0.523562
39936 0.523562
40448 0.547146
40960 64.386380
41472 1.056558
41984 0.542429
42496 0.523562
43008 0.516487
43520 0.516487
44032 0.523562
44544 0.535354
45056 64.645802
45568 1.025899
46080 0.528279
46592 0.525921
47104 0.514129
47616 0.518846
48128 0.528279
48640 0.544788
49152 64.716554
49664 1.025899
50176 0.532996
50688 0.514129
