512 2.575361
1024 0.712233
1536 0.547146
2048 0.518846
2560 0.516487
3072 0.509412
3584 0.549505
4096 101.521574
4608 1.547103
5120 0.554221
5632 0.540071
6144 0.525921
6656 0.525921
7168 0.521204
7680 0.540071
8192 69.780015
8704 1.174478
9216 0.558938
9728 0.523562
10240 0.518846
10752 0.530638
11264 0.521204
11776 0.537713
12288 63.216619
12800 1.153252
13312 0.547146
13824 0.521204
14336 0.518846
14848 0.516487
15360 0.518846
15872 0.540071
16384 61.994973
16896 1.124952
17408 0.554221
17920 0.530638
18432 0.523562
18944 0.528279
19456 0.535354
19968 0.556580
20480 63.379348
20992 1.117876
21504 0.575447
22016 0.521204
22528 0.525921
23040 0.521204
23552 0.537713
24064 0.551863
24576 63.733106
25088 1.106084
25600 0.535354
26112 0.532996
26624 0.528279
27136 0.525921
27648 0.525921
28160 0.551863
28672 65.990084
29184 1.139102
29696 0.532996
30208 0.528279
30720 0.525921
31232 0.525921
31744 0.523562
32256 0.551863
32768 64.084506
33280 1.127310
33792 0.544788
34304 0.525921
34816 0.532996
35328 0.528279
35840 0.525921
36352 0.561297
36864 63.768482
37376 1.165044
37888 0.523562
38400 0.523562
38912 0.573089
39424 0.518846
39936 0.523562
40448 0.544788
40960 63.551510
41472 1.103726
41984 0.523562
42496 0.518846
43008 0.523562
43520 0.521204
44032 0.523562
44544 0.544788
45056 63.876968
45568 1.179195
46080 0.530638
46592 0.521204
47104 0.516487
47616 0.521204
48128 0.521204
48640 0.549505
49152 63.931211
49664 1.106084
50176 0.521204
50688 0.509412
