512 1.334848
1024 0.655632
1536 0.561297
2048 0.518846
2560 0.511770
3072 0.507054
3584 0.549505
4096 74.131243
4608 1.077784
5120 0.525921
5632 0.521204
6144 0.511770
6656 0.514129
7168 0.516487
7680 0.537713
8192 65.322660
8704 1.011749
9216 0.530638
9728 0.523562
10240 0.516487
10752 0.516487
11264 0.516487
11776 0.532996
12288 62.127043
12800 1.016466
13312 0.558938
13824 0.525921
14336 0.518846
14848 0.525921
15360 0.518846
15872 0.542429
16384 61.973748
16896 0.992882
17408 0.528279
17920 0.530638
18432 0.528279
18944 0.521204
19456 0.530638
19968 0.556580
20480 63.152942
20992 0.952789
21504 0.518846
22016 0.516487
22528 0.514129
23040 0.521204
23552 0.511770
24064 0.537713
24576 62.980780
25088 0.971656
25600 0.525921
26112 0.516487
26624 0.511770
27136 0.514129
27648 0.511770
28160 0.535354
28672 65.254267
29184 0.948072
29696 0.516487
30208 0.511770
30720 0.514129
31232 0.511770
31744 0.511770
32256 0.537713
32768 64.506658
33280 0.983448
33792 0.521204
34304 0.511770
34816 0.516487
35328 0.514129
35840 0.514129
36352 0.549505
36864 75.668913
37376 1.464560
37888 0.643840
38400 0.610823
38912 0.606106
39424 0.610823
39936 0.646199
40448 0.634407
40960 73.753901
41472 1.150894
41984 0.540071
42496 0.518846
43008 0.514129
43520 0.516487
44032 0.518846
44544 0.537713
45056 65.414637
45568 0.952789
46080 0.549505
46592 0.521204
47104 0.523562
47616 0.518846
48128 0.528279
48640 0.544788
49152 64.093939
49664 1.037691
50176 0.518846
50688 0.523562
