512 3.353040
1024 1.884353
1536 1.165634
2048 1.051252
2560 1.165634
3072 1.205726
3584 1.031795
4096 184.515054
4608 2.276435
5120 0.747020
5632 0.687470
6144 0.681574
6656 0.681574
7168 0.681574
7680 0.727563
8192 104.564485
8704 1.391450
9216 0.692187
9728 0.693366
10240 0.690418
10752 0.695135
11264 0.686291
11776 0.708106
12288 85.085371
12800 1.437438
13312 0.742303
13824 0.684522
14336 0.690418
14848 0.696314
15360 0.776500
15872 0.718719
16384 85.220389
16896 1.400294
17408 0.764708
17920 0.673910
18432 0.672730
18944 0.672730
19456 0.678626
19968 0.706927
20480 83.198070
20992 1.357253
21504 0.692187
22016 0.676858
22528 0.678626
23040 0.681574
23552 0.687470
24064 0.718719
24576 104.292681
25088 1.415033
25600 0.698083
26112 0.681574
26624 0.681574
27136 0.678626
27648 0.678626
28160 0.699262
28672 88.432515
29184 1.373762
29696 0.684522
30208 0.678626
30720 0.676858
31232 0.678626
31744 0.699262
32256 0.712823
32768 84.188593
33280 1.331900
33792 0.686291
34304 0.684522
34816 0.678626
35328 0.684522
35840 0.687470
36352 0.702210
36864 84.831254
37376 1.388502
37888 0.693366
38400 0.675678
38912 0.690418
39424 0.678626
39936 0.678626
40448 0.706927
40960 84.154397
41472 1.400294
41984 0.712823
42496 0.684522
43008 0.678626
43520 0.681574
44032 0.690418
44544 0.712823
45056 84.660861
45568 1.380837
46080 0.709875
46592 0.695135
47104 0.684522
47616 0.690418
48128 0.681574
48640 0.718719
49152 83.647933
49664 1.328952
50176 0.709875
50688 0.681574
