512 1.521161
1024 0.790060
1536 0.547146
2048 0.516487
2560 0.514129
3072 0.523562
3584 0.537713
4096 79.227722
4608 1.257021
5120 0.530638
5632 0.516487
6144 0.514129
6656 0.514129
7168 0.521204
7680 0.537713
8192 66.070269
8704 1.124952
9216 0.537713
9728 0.516487
10240 0.509412
10752 0.514129
11264 0.516487
11776 0.535354
12288 63.006722
12800 1.084859
13312 0.547146
13824 0.525921
14336 0.518846
14848 0.528279
15360 0.532996
15872 0.542429
16384 62.584570
16896 1.035333
17408 0.544788
17920 0.523562
18432 0.528279
18944 0.525921
19456 0.525921
19968 0.540071
20480 215.460066
20992 1.561254
21504 0.547146
22016 0.516487
22528 0.518846
23040 0.516487
23552 0.521204
24064 0.540071
24576 84.159114
25088 1.259380
25600 0.528279
26112 0.521204
26624 0.518846
27136 0.521204
27648 0.521204
28160 0.547146
28672 70.919117
29184 1.087217
29696 0.523562
30208 0.518846
30720 0.516487
31232 0.518846
31744 0.518846
32256 0.540071
32768 66.959382
33280 1.160327
33792 0.521204
34304 0.516487
34816 0.516487
35328 0.525921
35840 0.518846
36352 0.540071
36864 64.874566
37376 1.169761
37888 0.525921
38400 0.516487
38912 0.514129
39424 0.518846
39936 0.509412
40448 0.544788
40960 66.412236
41472 1.155611
41984 0.523562
42496 0.514129
43008 0.521204
43520 0.523562
44032 0.516487
44544 0.540071
45056 100.415489
45568 1.483427
46080 0.742893
46592 0.893829
47104 1.075425
47616 0.874962
48128 0.860812
48640 0.851378
49152 91.106928
49664 1.407958
50176 0.532996
50688 0.530638
