512 1.374941
1024 0.747609
1536 0.547146
2048 0.502337
2560 0.507054
3072 0.509412
3584 0.563655
4096 80.123910
4608 1.134385
5120 0.549505
5632 0.521204
6144 0.516487
6656 0.523562
7168 0.523562
7680 0.537713
8192 66.296675
8704 1.110801
9216 0.551863
9728 0.518846
10240 0.511770
10752 0.516487
11264 0.523562
11776 0.540071
12288 63.634054
12800 1.068350
13312 0.540071
13824 0.511770
14336 0.509412
14848 0.516487
15360 0.514129
15872 0.530638
16384 62.733149
16896 1.042408
17408 0.556580
17920 0.514129
18432 0.518846
18944 0.516487
19456 0.525921
19968 0.537713
20480 63.737823
20992 1.044766
21504 0.523562
22016 0.514129
22528 0.509412
23040 0.511770
23552 0.516487
24064 0.537713
24576 63.843950
25088 1.014107
25600 0.525921
26112 0.516487
26624 0.511770
27136 0.509412
27648 0.514129
28160 0.532996
28672 66.249507
29184 0.974015
29696 0.523562
30208 0.514129
30720 0.509412
31232 0.514129
31744 0.516487
32256 0.537713
32768 65.261342
33280 1.023541
33792 0.523562
34304 0.511770
34816 0.563655
35328 0.511770
35840 0.521204
36352 0.540071
36864 64.959468
37376 1.037691
37888 0.523562
38400 0.511770
38912 0.504695
39424 0.511770
39936 0.514129
40448 0.547146
40960 64.534958
41472 1.035333
41984 0.530638
42496 0.509412
43008 0.514129
43520 0.511770
44032 0.518846
44544 0.542429
45056 64.591560
45568 1.037691
46080 0.525921
46592 0.514129
47104 0.507054
47616 0.511770
48128 0.521204
48640 0.544788
49152 64.782589
49664 1.021182
50176 0.525921
50688 0.518846
