512 1.431542
1024 0.721667
1536 0.615540
2048 0.540071
2560 0.514129
3072 0.511770
3584 0.530638
4096 73.977948
4608 1.231079
5120 0.551863
5632 0.523562
6144 0.530638
6656 0.528279
7168 0.532996
7680 0.549505
8192 63.707164
8704 1.132027
9216 0.573089
9728 0.525921
10240 0.530638
10752 0.521204
11264 0.518846
11776 0.544788
12288 62.320431
12800 1.136744
13312 0.566013
13824 0.525921
14336 0.648557
14848 0.752326
15360 0.688650
15872 0.636765
16384 83.279434
16896 1.615497
17408 0.759401
17920 0.719309
18432 0.808927
18944 1.007032
19456 0.749968
19968 0.891471
20480 100.151350
20992 1.825393
21504 0.780627
22016 27.682771
22528 2.414990
23040 0.735817
23552 0.797136
24064 0.747609
24576 1371.981042
25088 3.445606
25600 0.653274
26112 0.518846
26624 0.523562
27136 0.528279
27648 0.523562
28160 0.542429
28672 117.617579
29184 1.287680
29696 0.530638
30208 0.525921
30720 0.523562
31232 0.523562
31744 0.525921
32256 0.542429
32768 72.114821
33280 1.141460
33792 0.558938
34304 0.525921
34816 0.532996
35328 0.537713
35840 0.532996
36352 0.556580
36864 66.902781
37376 1.089576
37888 0.554221
38400 0.518846
38912 0.521204
39424 0.518846
39936 0.516487
40448 0.537713
40960 65.596233
41472 1.082501
41984 0.554221
42496 0.535354
43008 0.532996
43520 0.537713
44032 0.532996
44544 0.551863
45056 64.445339
45568 1.058917
46080 0.523562
46592 0.521204
47104 0.518846
47616 0.518846
48128 0.523562
48640 0.542429
49152 63.825083
49664 1.051842
50176 0.532996
50688 0.518846
