512 1.507011
1024 0.691008
1536 0.532996
2048 0.511770
2560 0.516487
3072 0.521204
3584 0.554221
4096 76.951877
4608 1.327773
5120 0.549505
5632 0.521204
6144 0.516487
6656 0.518846
7168 0.518846
7680 0.547146
8192 66.603265
8704 1.200420
9216 0.551863
9728 0.516487
10240 0.516487
10752 0.516487
11264 0.528279
11776 0.544788
12288 62.624663
12800 1.162686
13312 0.573089
13824 0.518846
14336 0.523562
14848 0.523562
15360 0.535354
15872 0.540071
16384 62.178928
16896 1.132027
17408 0.528279
17920 0.518846
18432 0.525921
18944 0.523562
19456 0.530638
19968 0.542429
20480 63.336897
20992 1.087217
21504 0.523562
22016 0.518846
22528 0.523562
23040 0.516487
23552 0.523562
24064 0.537713
24576 62.888803
25088 1.094293
25600 0.542429
26112 0.521204
26624 0.518846
27136 0.518846
27648 0.523562
28160 0.540071
28672 65.004278
29184 1.143819
29696 0.537713
30208 0.556580
30720 0.525921
31232 0.532996
31744 0.537713
32256 0.551863
32768 64.176483
33280 1.129668
33792 0.521204
34304 0.516487
34816 0.518846
35328 0.516487
35840 0.523562
36352 0.537713
36864 64.475998
37376 1.124952
37888 0.530638
38400 0.518846
38912 0.521204
39424 0.518846
39936 0.528279
40448 0.558938
40960 64.435906
41472 1.106084
41984 0.540071
42496 0.518846
43008 0.518846
43520 0.516487
44032 0.523562
44544 0.540071
45056 84.123738
45568 1.172119
46080 0.523562
46592 0.516487
47104 0.516487
47616 0.514129
48128 0.521204
48640 0.537713
49152 66.622132
49664 1.143819
50176 0.523562
50688 0.518846
