512 1.877278
1024 1.099009
1536 0.988165
2048 0.898546
2560 0.917413
3072 0.896188
3584 0.966940
4096 101.210266
4608 1.662664
5120 0.983448
5632 0.910338
6144 0.952789
6656 0.955148
7168 0.952789
7680 0.943356
8192 93.092691
8704 1.544745
9216 0.948072
9728 0.957506
10240 0.919772
10752 0.981090
11264 0.907980
11776 0.997599
12288 90.918257
12800 1.740491
13312 0.957506
13824 0.900905
14336 0.933922
14848 0.907980
15360 0.905621
15872 0.938639
16384 135.371532
16896 1.752283
17408 0.974015
17920 0.950431
18432 0.917413
18944 0.948072
19456 0.924489
19968 0.962223
20480 1911.678332
20992 3.622486
21504 0.655632
22016 0.516487
22528 0.516487
23040 0.525921
23552 0.525921
24064 0.561297
24576 121.482979
25088 1.365507
25600 0.542429
26112 0.521204
26624 0.514129
27136 0.514129
27648 0.511770
28160 0.532996
28672 155.170208
29184 1.294756
29696 0.646199
30208 0.521204
30720 0.516487
31232 0.511770
31744 0.523562
32256 0.535354
32768 80.213529
33280 1.235796
33792 0.532996
34304 0.521204
34816 0.518846
35328 0.518846
35840 0.516487
36352 0.542429
36864 66.931081
37376 1.065992
37888 0.558938
38400 0.509412
38912 0.511770
39424 0.507054
39936 0.511770
40448 0.540071
40960 65.334452
41472 1.070709
41984 0.523562
42496 0.514129
43008 0.509412
43520 0.516487
44032 0.518846
44544 0.540071
45056 65.185874
45568 1.035333
46080 0.523562
46592 0.518846
47104 0.521204
47616 0.511770
48128 0.518846
48640 0.542429
49152 64.235443
49664 1.037691
50176 0.535354
50688 0.523562
