512 1.450409
1024 0.679216
1536 0.528279
2048 0.511770
2560 0.511770
3072 0.521204
3584 0.544788
4096 132.432979
4608 1.551820
5120 0.558938
5632 0.532996
6144 0.532996
6656 0.532996
7168 0.525921
7680 0.537713
8192 75.659479
8704 1.068350
9216 0.544788
9728 0.521204
10240 0.523562
10752 0.537713
11264 0.523562
11776 0.532996
12288 64.556184
12800 1.129668
13312 0.551863
13824 0.523562
14336 0.514129
14848 0.509412
15360 0.521204
15872 0.532996
16384 128.142480
16896 2.308863
17408 0.657991
17920 0.561297
18432 0.554221
18944 0.561297
19456 0.587239
19968 0.573089
20480 143.937201
20992 1.252305
21504 0.594314
22016 0.540071
22528 0.535354
23040 0.535354
23552 0.528279
24064 0.549505
24576 77.758446
25088 1.115518
25600 0.540071
26112 0.525921
26624 0.525921
27136 0.518846
27648 0.535354
28160 0.535354
28672 66.957024
29184 1.077784
29696 0.530638
30208 0.525921
30720 0.518846
31232 0.521204
31744 0.532996
32256 0.547146
32768 65.100972
33280 0.999957
33792 0.566013
34304 0.518846
34816 0.518846
35328 0.518846
35840 0.521204
36352 0.544788
36864 65.327377
37376 1.110801
37888 0.528279
38400 0.525921
38912 0.528279
39424 0.521204
39936 0.532996
40448 0.549505
40960 64.914659
41472 0.974015
41984 0.528279
42496 0.518846
43008 0.514129
43520 0.518846
44032 0.518846
44544 0.537713
45056 63.813291
45568 0.997599
46080 0.554221
46592 0.528279
47104 0.523562
47616 0.523562
48128 0.525921
48640 0.549505
49152 64.615143
49664 0.992882
50176 0.537713
50688 0.521204
