512 2.231036
1024 1.532953
1536 0.903263
2048 0.893829
2560 0.849020
3072 0.865529
3584 0.863170
4096 115.936048
4608 2.056515
5120 0.933922
5632 0.929205
6144 0.860812
6656 0.943356
7168 0.858454
7680 0.823078
8192 101.045179
8704 1.584837
9216 0.816003
9728 0.825436
10240 0.889113
10752 0.903263
11264 0.889113
11776 0.950431
12288 76.899992
12800 1.238154
13312 0.587239
13824 0.535354
14336 0.530638
14848 0.530638
15360 0.532996
15872 0.566013
16384 64.372229
16896 0.976373
17408 0.537713
17920 0.540071
18432 0.542429
18944 0.544788
19456 0.532996
19968 0.561297
20480 6470.652509
20992 5.221473
21504 0.632048
22016 0.528279
22528 0.528279
23040 0.542429
23552 0.528279
24064 0.606106
24576 152.160904
25088 1.318339
25600 0.540071
26112 0.530638
26624 0.525921
27136 0.523562
27648 0.532996
28160 0.542429
28672 141.828801
29184 1.721624
29696 0.865529
30208 0.870246
30720 0.870246
31232 0.882038
31744 0.884396
32256 0.882038
32768 102.700768
33280 1.681531
33792 0.943356
34304 0.945714
34816 0.907980
35328 0.933922
35840 0.931564
36352 0.952789
36864 97.017051
37376 1.848977
37888 0.792419
38400 0.728742
38912 0.721667
39424 0.726384
39936 0.719309
40448 0.827795
40960 99.856551
41472 2.065949
41984 0.900905
42496 0.726384
43008 0.837228
43520 0.818361
44032 0.898546
44544 0.790060
45056 101.464972
45568 1.752283
46080 0.752326
46592 0.846662
47104 0.709875
47616 0.719309
48128 0.853737
48640 0.792419
49152 125.348378
49664 1.999914
50176 0.938639
50688 0.837228
