512 2.215707
1024 1.042408
1536 0.795956
2048 0.752916
2560 0.672730
3072 0.681574
3584 0.745251
4096 107.869768
4608 1.780584
5120 0.749968
5632 0.687470
6144 0.687470
6656 0.681574
7168 0.684522
7680 0.709875
8192 90.236682
8704 1.677994
9216 0.741124
9728 0.681574
10240 0.681574
10752 0.687470
11264 0.690418
11776 0.706927
12288 84.351912
12800 1.440386
13312 0.721667
13824 0.681574
14336 0.672730
14848 0.672730
15360 0.698083
15872 0.701031
16384 361.755656
16896 2.462158
17408 0.778268
17920 0.670962
18432 0.687470
18944 0.678626
19456 0.690418
19968 0.744072
20480 111.583641
20992 1.707474
21504 0.785344
22016 0.675678
22528 0.672730
23040 0.663887
23552 0.684522
24064 0.699262
24576 88.074629
25088 1.317160
25600 0.702210
26112 0.666835
26624 0.678626
27136 0.665066
27648 0.669782
28160 0.702210
28672 87.038117
29184 1.317160
29696 0.692187
30208 0.665066
30720 0.669782
31232 0.727563
31744 0.681574
32256 0.702210
32768 84.847763
33280 1.288860
33792 0.684522
34304 0.669782
34816 0.681574
35328 0.681574
35840 0.684522
36352 0.711054
36864 84.930896
37376 1.285912
37888 0.684522
38400 0.666835
38912 0.675678
39424 0.668014
39936 0.681574
40448 0.709875
40960 84.604259
41472 1.331900
41984 0.690418
42496 0.684522
43008 0.681574
43520 0.687470
44032 0.681574
44544 0.718719
45056 88.842285
45568 1.280016
46080 0.684522
46592 0.681574
47104 0.678626
47616 0.675678
48128 0.692187
48640 0.718719
49152 85.094215
49664 1.268224
50176 0.687470
50688 0.678626
