512 1.393808
1024 0.705158
1536 0.617898
2048 0.532996
2560 0.535354
3072 0.532996
3584 0.575447
4096 76.076914
4608 1.148535
5120 0.575447
5632 0.537713
6144 0.537713
6656 0.537713
7168 0.537713
7680 0.551863
8192 65.221249
8704 0.983448
9216 0.617898
9728 0.549505
10240 0.554221
10752 0.558938
11264 0.554221
11776 0.570730
12288 62.426558
12800 0.992882
13312 0.606106
13824 0.549505
14336 0.549505
14848 0.544788
15360 0.540071
15872 0.566013
16384 62.068083
16896 0.971656
17408 0.566013
17920 0.551863
18432 0.547146
18944 0.544788
19456 0.547146
19968 0.563655
20480 63.018514
20992 0.964581
21504 0.547146
22016 0.542429
22528 0.540071
23040 0.537713
23552 0.532996
24064 0.558938
24576 154.049973
25088 1.287680
25600 0.573089
26112 0.547146
26624 0.547146
27136 0.544788
27648 0.537713
28160 0.568372
28672 81.970528
29184 1.146177
29696 0.561297
30208 0.535354
30720 0.537713
31232 0.537713
31744 0.537713
32256 0.551863
32768 66.282524
33280 1.051842
33792 0.563655
34304 0.535354
34816 0.537713
35328 0.537713
35840 0.549505
36352 0.570730
36864 64.850982
37376 1.014107
37888 0.551863
38400 0.535354
38912 0.537713
39424 0.535354
39936 0.540071
40448 0.563655
40960 64.178841
41472 1.082501
41984 0.558938
42496 0.537713
43008 0.542429
43520 0.537713
44032 0.525921
44544 0.554221
45056 63.909985
45568 1.101368
46080 0.556580
46592 0.532996
47104 0.540071
47616 0.535354
48128 0.532996
48640 0.558938
49152 63.650562
49664 1.073067
50176 0.542429
50688 0.530638
