512 1.407958
1024 0.754684
1536 0.624973
2048 0.521204
2560 0.507054
3072 0.509412
3584 0.530638
4096 73.260998
4608 1.181553
5120 0.547146
5632 0.523562
6144 0.518846
6656 0.521204
7168 0.523562
7680 0.549505
8192 111.290021
8704 1.292397
9216 0.530638
9728 0.525921
10240 0.521204
10752 0.566013
11264 0.521204
11776 0.547146
12288 70.895533
12800 1.110801
13312 0.535354
13824 0.537713
14336 0.523562
14848 0.514129
15360 0.521204
15872 0.551863
16384 62.471368
16896 1.091934
17408 0.542429
17920 0.530638
18432 0.530638
18944 0.530638
19456 0.530638
19968 0.594314
20480 63.122283
20992 1.070709
21504 0.556580
22016 0.528279
22528 0.521204
23040 0.518846
23552 0.518846
24064 0.549505
24576 63.002005
25088 1.023541
25600 0.530638
26112 0.530638
26624 0.525921
27136 0.521204
27648 0.523562
28160 0.554221
28672 65.563216
29184 1.132027
29696 0.530638
30208 0.523562
30720 0.518846
31232 0.523562
31744 0.521204
32256 0.551863
32768 65.093896
33280 1.058917
33792 0.525921
34304 0.514129
34816 0.516487
35328 0.514129
35840 0.514129
36352 0.542429
36864 63.867534
37376 1.054200
37888 0.532996
38400 0.525921
38912 0.516487
39424 0.523562
39936 0.521204
40448 0.549505
40960 63.693013
41472 1.051842
41984 0.525921
42496 0.521204
43008 0.516487
43520 0.514129
44032 0.516487
44544 0.542429
45056 64.480715
45568 1.040050
46080 0.532996
46592 0.523562
47104 0.518846
47616 0.518846
48128 0.528279
48640 0.547146
49152 63.947719
49664 1.040050
50176 0.525921
50688 0.518846
