512 5.179022
1024 0.882038
1536 0.608464
2048 0.504695
2560 0.514129
3072 0.518846
3584 0.542429
4096 201.321524
4608 1.452768
5120 0.540071
5632 0.530638
6144 0.516487
6656 0.516487
7168 0.521204
7680 0.544788
8192 77.970701
8704 1.580121
9216 0.544788
9728 0.511770
10240 0.516487
10752 0.516487
11264 0.518846
11776 0.537713
12288 66.072628
12800 1.160327
13312 0.556580
13824 0.516487
14336 0.516487
14848 0.514129
15360 0.525921
15872 0.540071
16384 63.360480
16896 1.120235
17408 0.542429
17920 0.528279
18432 0.518846
18944 0.521204
19456 0.532996
19968 0.554221
20480 63.327463
20992 1.157969
21504 0.518846
22016 0.516487
22528 0.514129
23040 0.518846
23552 0.516487
24064 0.549505
24576 63.551510
25088 1.117876
25600 0.518846
26112 0.521204
26624 0.511770
27136 0.511770
27648 0.514129
28160 0.544788
28672 65.659910
29184 1.054200
29696 0.521204
30208 0.518846
30720 0.521204
31232 0.516487
31744 0.532996
32256 0.551863
32768 65.037295
33280 1.101368
33792 0.532996
34304 0.516487
34816 0.518846
35328 0.518846
35840 0.521204
36352 0.547146
36864 64.419397
37376 1.068350
37888 0.528279
38400 0.516487
38912 0.511770
39424 0.521204
39936 0.532996
40448 0.544788
40960 63.855742
41472 1.167403
41984 0.518846
42496 0.516487
43008 0.516487
43520 0.516487
44032 0.514129
44544 0.542429
45056 64.433547
45568 1.157969
46080 0.523562
46592 0.516487
47104 0.516487
47616 0.523562
48128 0.523562
48640 0.554221
49152 64.327420
49664 1.089576
50176 0.563655
50688 0.514129
