512 1.360790
1024 0.650915
1536 0.603748
2048 0.511770
2560 0.570730
3072 0.521204
3584 0.551863
4096 74.921304
4608 1.165044
5120 0.547146
5632 0.528279
6144 0.523562
6656 0.532996
7168 0.525921
7680 0.549505
8192 66.221206
8704 1.094293
9216 0.570730
9728 0.523562
10240 0.528279
10752 0.518846
11264 0.535354
11776 0.547146
12288 63.200110
12800 1.040050
13312 0.556580
13824 0.525921
14336 0.521204
14848 0.523562
15360 0.514129
15872 0.540071
16384 62.865219
16896 1.011749
17408 0.540071
17920 0.523562
18432 0.530638
18944 0.523562
19456 0.525921
19968 0.556580
20480 278.186140
20992 1.603705
21504 0.551863
22016 0.528279
22528 0.516487
23040 0.530638
23552 0.511770
24064 0.540071
24576 84.350143
25088 1.160327
25600 0.537713
26112 0.514129
26624 0.518846
27136 0.525921
27648 0.521204
28160 0.551863
28672 77.942400
29184 2.155568
29696 0.674499
30208 0.629690
30720 0.606106
31232 0.613181
31744 0.601389
32256 0.641482
32768 92.816760
33280 1.903220
33792 0.714592
34304 0.707517
34816 0.749968
35328 0.849020
35840 0.773552
36352 0.806569
36864 1618.034131
37376 3.886625
37888 0.634407
38400 0.542429
38912 0.521204
39424 0.528279
39936 0.518846
40448 0.537713
40960 132.274967
41472 1.334848
41984 0.568372
42496 0.518846
43008 0.514129
43520 0.518846
44032 0.521204
44544 0.542429
45056 73.407218
45568 1.245229
46080 0.530638
46592 0.525921
47104 0.521204
47616 0.523562
48128 0.528279
48640 0.551863
49152 65.893390
49664 1.179195
50176 0.542429
50688 0.525921
