512 1.271172
1024 0.610823
1536 0.530638
2048 0.514129
2560 0.509412
3072 0.516487
3584 0.542429
4096 73.187888
4608 1.160327
5120 0.544788
5632 0.525921
6144 0.523562
6656 0.518846
7168 0.521204
7680 0.544788
8192 65.725945
8704 1.061275
9216 0.532996
9728 0.521204
10240 0.523562
10752 0.523562
11264 0.521204
11776 0.532996
12288 62.718999
12800 1.049483
13312 0.563655
13824 0.509412
14336 0.528279
14848 0.514129
15360 0.516487
15872 0.528279
16384 61.796868
16896 1.044766
17408 0.540071
17920 0.523562
18432 0.528279
18944 0.516487
19456 0.521204
19968 0.580164
20480 62.919462
20992 1.040050
21504 0.525921
22016 0.514129
22528 0.523562
23040 0.511770
23552 0.514129
24064 0.537713
24576 65.945275
25088 1.238154
25600 0.683933
26112 0.622615
26624 0.643840
27136 0.622615
27648 0.634407
28160 0.634407
28672 94.599702
29184 1.827752
29696 0.940997
30208 0.766476
30720 0.747609
31232 0.787702
31744 0.714592
32256 0.794777
32768 153.985707
33280 2.893743
33792 1.823035
34304 0.535354
34816 0.554221
35328 0.551863
35840 0.570730
36352 0.566013
36864 1582.149473
37376 5.395994
37888 1.014107
38400 0.945714
38912 1.023541
39424 0.988165
39936 0.870246
40448 1.103726
40960 180.442705
41472 1.988122
41984 0.797136
42496 0.742893
43008 0.745251
43520 0.728742
44032 0.716950
44544 0.823078
45056 111.160310
45568 1.877278
46080 0.919772
46592 0.804211
47104 0.740534
47616 0.823078
48128 0.858454
48640 0.778268
49152 100.361246
49664 1.297114
50176 0.523562
50688 0.511770
