512 2.597176
1024 1.580121
1536 1.385554
2048 1.348409
2560 1.211622
3072 1.131437
3584 1.176247
4096 127.987416
4608 2.422066
5120 1.136154
5632 1.057148
6144 1.014107
6656 0.976963
7168 1.015876
7680 1.168582
8192 129.552797
8704 2.182689
9216 1.113749
9728 1.099009
10240 1.205726
10752 1.174478
11264 1.048304
11776 1.107853
12288 123.238799
12800 2.242238
13312 1.213391
13824 1.122593
14336 1.116697
14848 1.099009
15360 1.152073
15872 1.188038
16384 118.568599
16896 2.032931
17408 1.190986
17920 1.153842
18432 1.170351
18944 1.159738
19456 1.128489
19968 1.170351
20480 216.993019
20992 2.334216
21504 1.068940
22016 1.042408
22528 1.045356
23040 0.999367
23552 1.074836
24064 1.057148
24576 101.849979
25088 1.689786
25600 0.736407
26112 0.696314
26624 0.698083
27136 0.695135
27648 0.696314
28160 0.770604
28672 88.754435
29184 1.569508
29696 0.727563
30208 0.693366
30720 0.690418
31232 0.684522
31744 0.705158
32256 0.718719
32768 84.922052
33280 1.591913
33792 0.730511
34304 0.693366
34816 0.684522
35328 0.690418
35840 0.696314
36352 0.724615
36864 200.316260
37376 2.304736
37888 1.110801
38400 1.042408
38912 0.879090
39424 0.956327
39936 1.058917
40448 1.005263
40960 138.030026
41472 2.353672
41984 1.128489
42496 1.159738
43008 0.979911
43520 1.152073
44032 1.360201
44544 1.268224
45056 133.036137
45568 2.445649
46080 1.173299
46592 1.073657
47104 1.047125
47616 1.107853
48128 1.061865
48640 1.280016
49152 373.232756
49664 2.923813
50176 1.051252
50688 0.936870
