512 1.415033
1024 1.051842
1536 0.801852
2048 0.747609
2560 0.799494
3072 0.820719
3584 0.825436
4096 81.597903
4608 1.226362
5120 0.532996
5632 0.528279
6144 0.518846
6656 0.521204
7168 0.516487
7680 0.551863
8192 67.992357
8704 1.065992
9216 0.523562
9728 0.521204
10240 0.511770
10752 0.514129
11264 0.521204
11776 0.532996
12288 63.735464
12800 0.985807
13312 0.549505
13824 0.516487
14336 0.521204
14848 0.511770
15360 0.516487
15872 0.532996
16384 62.320431
16896 0.974015
17408 0.561297
17920 0.516487
18432 0.514129
18944 0.514129
19456 0.507054
19968 0.544788
20480 111.334831
20992 1.139102
21504 0.566013
22016 0.532996
22528 0.516487
23040 0.511770
23552 0.514129
24064 0.544788
24576 73.249206
25088 1.240513
25600 0.521204
26112 0.516487
26624 0.511770
27136 0.511770
27648 0.511770
28160 0.540071
28672 169.920163
29184 6.794519
29696 1.346640
30208 1.016466
30720 1.014107
31232 0.922130
31744 2.282921
32256 1.249946
32768 272.751232
33280 5.023369
33792 1.452768
34304 0.535354
34816 0.516487
35328 0.511770
35840 0.521204
36352 0.537713
36864 199.760270
37376 1.778225
37888 0.599031
38400 0.514129
38912 0.521204
39424 0.549505
39936 0.844303
40448 0.547146
40960 117.478434
41472 2.214527
41984 0.530638
42496 1.146177
43008 0.521204
43520 0.865529
44032 0.535354
44544 0.639123
45056 120.383969
45568 1.952746
46080 0.634407
46592 0.709875
47104 0.521204
47616 0.580164
48128 0.521204
48640 0.547146
49152 121.886263
49664 4.551691
50176 0.849020
50688 0.792419
