512 1.417392
1024 0.705158
1536 0.530638
2048 0.523562
2560 0.523562
3072 0.523562
3584 0.549505
4096 75.638254
4608 1.315981
5120 0.554221
5632 0.535354
6144 0.530638
6656 0.532996
7168 0.528279
7680 0.563655
8192 66.685809
8704 1.162686
9216 0.549505
9728 0.530638
10240 0.528279
10752 0.528279
11264 0.540071
11776 0.551863
12288 62.843993
12800 1.153252
13312 0.575447
13824 0.528279
14336 0.525921
14848 0.532996
15360 0.523562
15872 0.547146
16384 62.379391
16896 1.183911
17408 0.530638
17920 0.530638
18432 0.532996
18944 0.528279
19456 0.528279
19968 0.561297
20480 62.775600
20992 1.172119
21504 0.544788
22016 0.535354
22528 0.540071
23040 0.532996
23552 0.540071
24064 0.568372
24576 63.249636
25088 1.094293
25600 0.540071
26112 0.535354
26624 0.532996
27136 0.537713
27648 0.535354
28160 0.561297
28672 66.004235
29184 1.073067
29696 0.530638
30208 0.530638
30720 0.521204
31232 0.521204
31744 0.525921
32256 0.544788
32768 64.294402
33280 1.117876
33792 0.540071
34304 0.532996
34816 0.535354
35328 0.532996
35840 0.532996
36352 0.563655
36864 65.115122
37376 1.113160
37888 0.540071
38400 0.521204
38912 0.525921
39424 0.525921
39936 0.523562
40448 0.551863
40960 64.681178
41472 1.087217
41984 0.542429
42496 0.530638
43008 0.525921
43520 0.523562
44032 0.530638
44544 0.554221
45056 64.093939
45568 1.141460
46080 0.537713
46592 0.535354
47104 0.535354
47616 0.532996
48128 0.535354
48640 0.566013
49152 63.990170
49664 1.094293
50176 0.540071
50688 0.528279
