512 1.940954
1024 1.231079
1536 0.882038
2048 0.846662
2560 0.877321
3072 0.870246
3584 0.896188
4096 91.863971
4608 1.292397
5120 0.547146
5632 0.523562
6144 0.523562
6656 0.521204
7168 0.528279
7680 0.573089
8192 68.520636
8704 1.221646
9216 0.530638
9728 0.528279
10240 0.516487
10752 0.528279
11264 0.523562
11776 0.587239
12288 62.924178
12800 1.096651
13312 0.563655
13824 0.525921
14336 0.516487
14848 0.521204
15360 0.523562
15872 0.558938
16384 62.365240
16896 0.990523
17408 0.537713
17920 0.528279
18432 0.528279
18944 0.525921
19456 0.525921
19968 0.556580
20480 62.905311
20992 1.004674
21504 0.528279
22016 0.521204
22528 0.521204
23040 0.523562
23552 0.525921
24064 0.542429
24576 63.261428
25088 1.035333
25600 0.535354
26112 0.528279
26624 0.523562
27136 0.532996
27648 0.521204
28160 0.551863
28672 66.593832
29184 1.037691
29696 0.528279
30208 0.532996
30720 0.528279
31232 0.525921
31744 0.535354
32256 0.556580
32768 4201.031446
33280 7.379399
33792 1.200420
34304 1.075425
34816 1.110801
35328 1.106084
35840 1.011749
36352 0.948072
36864 189.774851
37376 1.929162
37888 0.785344
38400 0.808927
38912 0.686291
39424 0.719309
39936 0.834870
40448 0.808927
40960 111.157951
41472 1.445692
41984 0.537713
42496 0.523562
43008 0.523562
43520 0.516487
44032 0.528279
44544 0.542429
45056 77.404687
45568 1.202778
46080 0.544788
46592 0.521204
47104 0.516487
47616 0.518846
48128 0.518846
48640 0.542429
49152 71.091280
49664 1.393808
50176 0.589597
50688 0.523562
