512 1.473993
1024 0.757043
1536 0.568372
2048 0.509412
2560 0.511770
3072 0.509412
3584 0.535354
4096 79.826753
4608 1.290039
5120 0.551863
5632 0.532996
6144 0.530638
6656 0.530638
7168 0.530638
7680 0.554221
8192 66.499496
8704 1.110801
9216 0.530638
9728 0.528279
10240 0.521204
10752 0.528279
11264 0.525921
11776 0.537713
12288 63.273220
12800 1.212212
13312 0.563655
13824 0.523562
14336 0.525921
14848 0.525921
15360 0.528279
15872 0.544788
16384 62.070442
16896 1.077784
17408 0.537713
17920 0.530638
18432 0.525921
18944 0.530638
19456 0.525921
19968 0.547146
20480 63.025589
20992 1.106084
21504 0.558938
22016 0.521204
22528 0.521204
23040 0.528279
23552 0.535354
24064 0.542429
24576 63.171809
25088 1.077784
25600 0.528279
26112 0.525921
26624 0.521204
27136 0.525921
27648 0.530638
28160 0.544788
28672 64.841549
29184 1.099009
29696 0.535354
30208 0.530638
30720 0.530638
31232 0.530638
31744 0.525921
32256 0.551863
32768 63.770840
33280 1.037691
33792 0.528279
34304 0.523562
34816 0.521204
35328 0.523562
35840 0.523562
36352 0.544788
36864 63.987812
37376 1.087217
37888 0.556580
38400 0.532996
38912 0.521204
39424 0.521204
39936 0.528279
40448 0.556580
40960 63.933569
41472 1.023541
41984 0.542429
42496 0.535354
43008 0.523562
43520 0.528279
44032 0.530638
44544 0.556580
45056 64.063280
45568 1.040050
46080 0.547146
46592 0.523562
47104 0.528279
47616 0.523562
48128 0.532996
48640 0.547146
49152 63.921777
49664 0.997599
50176 0.532996
50688 0.521204
