512 1.431542
1024 0.667424
1536 0.554221
2048 0.521204
2560 0.511770
3072 0.511770
3584 0.556580
4096 73.152512
4608 1.190986
5120 0.523562
5632 0.518846
6144 0.514129
6656 0.511770
7168 0.516487
7680 0.537713
8192 65.683494
8704 1.073067
9216 0.525921
9728 0.523562
10240 0.516487
10752 0.521204
11264 0.518846
11776 0.540071
12288 62.829843
12800 0.964581
13312 0.563655
13824 0.516487
14336 0.514129
14848 0.516487
15360 0.511770
15872 0.535354
16384 68.631480
16896 1.707474
17408 0.818361
17920 0.752326
18432 0.749968
18944 0.759401
19456 0.825436
19968 0.818361
20480 98.493402
20992 1.813601
21504 0.832511
22016 0.764118
22528 0.790060
23040 0.782985
23552 0.785344
24064 0.801852
24576 93.241270
25088 1.714549
25600 0.785344
26112 0.801852
26624 0.811286
27136 0.773552
27648 0.839587
28160 0.839587
28672 93.717664
29184 1.624930
29696 0.931564
30208 0.851378
30720 0.846662
31232 0.860812
31744 0.827795
32256 0.827795
32768 90.562140
33280 1.780584
33792 0.827795
34304 0.775910
34816 0.742893
35328 0.832511
35840 0.874962
36352 0.877321
36864 95.215241
37376 1.903220
37888 0.827795
38400 0.749968
38912 0.646199
39424 0.792419
39936 0.811286
40448 0.738176
40960 98.486327
41472 1.933879
41984 0.917413
42496 0.768835
43008 0.780627
43520 0.691008
44032 0.903263
44544 0.841945
45056 106.044964
45568 1.780584
46080 0.884396
46592 0.785344
47104 0.905621
47616 0.874962
48128 0.797136
48640 0.870246
49152 102.688976
49664 1.811243
50176 0.811286
50688 0.907980
