1 1293.338201
1 1349.376473
1 1457.796924
1 1527.206083
1 1577.206290
1 1702.843571
1 1758.042256
1 1885.178293
1 3798.827060
1 7169.922529
2 1197.365917
2 1477.220617
2 1493.524750
2 1496.422620
2 1497.677873
2 1508.711007
2 1652.602809
2 1659.296506
2 3081.675733
2 6851.157947
3 1122.469966
3 1268.616388
3 1384.789453
3 1399.267014
3 1435.663443
3 1517.283751
3 1640.030826
3 1733.019748
3 7539.774535
3 9326.116280
4 1129.418959
4 1172.470762
4 1253.543334
4 1298.066771
4 1544.973007
4 1562.538289
4 1593.690250
4 1602.405677
4 3956.729461
4 5817.525550
5 1081.745893
5 1178.435128
5 1326.740655
5 1419.520860
5 1467.772910
5 1528.799175
5 1545.012510
5 1812.127782
5 1876.102623
5 2751.030177
6 1075.413618
6 1128.893038
6 1379.840964
6 1543.821524
6 1632.804132
6 1693.881692
6 1809.557727
6 2310.021446
6 3375.084685
6 6374.776329
7 1215.827386
7 1348.792182
7 1482.585362
7 1539.781014
7 1542.490803
7 1604.115509
7 1855.525678
7 2878.472215
7 2895.074095
7 2983.096839
8 1132.319188
8 1177.323147
8 1212.969019
8 1416.884770
8 1428.795224
8 1475.396403
8 1589.742307
8 2245.696385
8 2335.002682
8 3852.853626
9 1162.182879
9 1188.000754
9 1343.451020
9 1355.330226
9 1420.532019
9 1492.491775
9 1693.767310
9 2746.755007
9 4236.164368
9 5878.249941
10 1076.326315
10 1346.834719
10 1386.687957
10 1572.768981
10 1600.885105
10 1672.856064
10 1891.303030
10 2190.549584
10 2756.840068
10 6017.689694
11 10119.213041
11 1266.149513
11 1327.912774
11 1398.864319
11 1435.965906
11 1605.041176
11 1609.161282
11 1624.540927
11 3791.561452
11 6402.196139
12 1239.606433
12 1377.830437
12 1467.631407
12 1507.302459
12 1617.567760
12 1647.084178
12 2402.674888
12 2587.990025
12 3035.480198
12 4094.606192
13 10426.147943
13 1497.302299
13 1611.236075
13 1624.726650
13 1625.499022
13 1685.838996
13 1900.335660
13 2376.324017
13 3110.795353
13 3532.277801
14 1563.784697
14 1567.746201
14 1605.123720
14 1805.034927
14 1835.732308
14 3110.486404
14 3611.536772
14 4725.452860
14 5394.916381
14 6508.448641
15 1318.388420
15 1384.018260
15 1454.972753
15 1520.775935
15 1551.634277
15 1601.658067
15 1978.643610
15 2826.887171
15 2832.926416
15 6172.215472
16 1250.666689
16 1420.021428
16 1583.884068
16 1657.258858
16 1662.954368
16 1670.125639
16 1681.396970
16 1704.982629
16 4022.951847
16 5017.229807
17 1150.801883
17 1375.856465
17 1414.835330
17 1528.658851
17 1540.629444
17 1548.284185
17 1556.697149
17 16170.207315
17 3215.622798
17 3368.997683
18 1143.981422
18 1190.775398
18 1409.704655
18 1417.457269
18 1616.145062
18 1626.057371
18 2862.701668
18 3089.356417
18 3099.253986
18 5512.476179
19 1199.568652
19 1328.181041
19 1417.522714
19 1456.040514
19 1499.598191
19 1613.343885
19 2980.268541
19 3218.944000
19 4312.480069
19 6785.321158
20 1184.208464
20 1448.609820
20 1494.513504
20 1589.235843
20 1600.694076
20 1622.644192
20 1662.621835
20 2193.958046
20 4971.054907
20 7623.104675
21 1188.302627
21 1228.611034
21 1424.912727
21 1436.688753
21 1523.743968
21 1553.968493
21 1604.517614
21 1807.941052
21 2364.480777
21 2660.104845
22 1144.651204
22 1152.815947
22 1185.897071
22 1310.641701
22 1435.823224
22 1460.917073
22 1671.500580
22 1777.011369
22 3169.031054
22 5070.761111
23 1050.609851
23 1273.191662
23 1374.209720
23 1404.472569
23 1486.255015
23 1535.313635
23 1540.223801
23 1865.116067
23 3571.994252
23 3977.159007
24 1091.819162
24 1144.425389
24 1494.709840
24 1504.534889
24 1608.932518
24 1614.763635
24 1661.640745
24 1910.006824
24 3218.863225
24 3639.747822
25 1126.012266
25 1135.791916
25 1184.146556
25 1515.347513
25 1551.664346
25 1553.222652
25 1878.506411
25 3250.973871
25 7671.341985
25 9725.086137
