1 1758.042256
2 1493.524750
3 9326.116280
4 3956.729461
5 1876.102623
6 2310.021446
7 1855.525678
8 2335.002682
9 2746.755007
10 1600.885105
11 1624.540927
12 1239.606433
13 1624.726650
14 3611.536772
15 1551.634277
16 1704.982629
17 1556.697149
18 1616.145062
19 2980.268541
20 1600.694076
21 1436.688753
22 1435.823224
23 1404.472569
24 1614.763635
25 3250.973871
1 1702.843571
2 3081.675733
3 1640.030826
4 1544.973007
5 1528.799175
6 1543.821524
7 2895.074095
8 1416.884770
9 1420.532019
10 1672.856064
11 1327.912774
12 1617.567760
13 3110.795353
14 1567.746201
15 1601.658067
16 1583.884068
17 1528.658851
18 3089.356417
19 1613.343885
20 1662.621835
21 1604.517614
22 1777.011369
23 1535.313635
24 3218.863225
25 1551.664346
1 3798.827060
2 1659.296506
3 1733.019748
4 1253.543334
5 1178.435128
6 1128.893038
7 2878.472215
8 1177.323147
9 5878.249941
10 2756.840068
11 1609.161282
12 1377.830437
13 1685.838996
14 1563.784697
15 2832.926416
16 1662.954368
17 1414.835330
18 1417.457269
19 1328.181041
20 1589.235843
21 2660.104845
22 1671.500580
23 1865.116067
24 1910.006824
25 1878.506411
1 1527.206083
2 1508.711007
3 1384.789453
4 1602.405677
5 1545.012510
6 1379.840964
7 1348.792182
8 2245.696385
9 1188.000754
10 1386.687957
11 1398.864319
12 1647.084178
13 1611.236075
14 1805.034927
15 1520.775935
16 1250.666689
17 1540.629444
18 1626.057371
19 1499.598191
20 1622.644192
21 1553.968493
22 1310.641701
23 1374.209720
24 1494.709840
25 1553.222652
1 1457.796924
2 1496.422620
3 1517.283751
4 1298.066771
5 1326.740655
6 1693.881692
7 1539.781014
8 1132.319188
9 1492.491775
10 1891.303030
11 1605.041176
12 1507.302459
13 10426.147943
14 3110.486404
15 6172.215472
16 5017.229807
17 3215.622798
18 2862.701668
19 3218.944000
20 2193.958046
21 1228.611034
22 1144.651204
23 1540.223801
24 1091.819162
25 1126.012266
1 1577.206290
2 1477.220617
3 1399.267014
4 1172.470762
5 1467.772910
6 1809.557727
7 1542.490803
8 1475.396403
9 1343.451020
10 1572.768981
11 1266.149513
12 1467.631407
13 1497.302299
14 1605.123720
15 1454.972753
16 1657.258858
17 1375.856465
18 1190.775398
19 1417.522714
20 1494.513504
21 1424.912727
22 1460.917073
23 1486.255015
24 1504.534889
25 1135.791916
1 1885.178293
2 1652.602809
3 1268.616388
4 1593.690250
5 1812.127782
6 1632.804132
7 1482.585362
8 1428.795224
9 1693.767310
10 1346.834719
11 1435.965906
12 3035.480198
13 1625.499022
14 1835.732308
15 1318.388420
16 1420.021428
17 1548.284185
18 1409.704655
19 1456.040514
20 1448.609820
21 1523.743968
22 1152.815947
23 1273.191662
24 1608.932518
25 1515.347513
1 1293.338201
2 1497.677873
3 1435.663443
4 1562.538289
5 1419.520860
6 3375.084685
7 1604.115509
8 1589.742307
9 1355.330226
10 2190.549584
11 6402.196139
12 2587.990025
13 1900.335660
14 4725.452860
15 1384.018260
16 1670.125639
17 16170.207315
18 1143.981422
19 1199.568652
20 1184.208464
21 1188.302627
22 1185.897071
23 1050.609851
24 1144.425389
25 1184.146556
1 1349.376473
2 1197.365917
3 1122.469966
4 1129.418959
5 1081.745893
6 1075.413618
7 1215.827386
8 1212.969019
9 1162.182879
10 1076.326315
11 10119.213041
12 2402.674888
13 2376.324017
14 5394.916381
15 1978.643610
16 1681.396970
17 1150.801883
18 3099.253986
19 4312.480069
20 7623.104675
21 2364.480777
22 5070.761111
23 3571.994252
24 1661.640745
25 9725.086137
1 7169.922529
2 6851.157947
3 7539.774535
4 5817.525550
5 2751.030177
6 6374.776329
7 2983.096839
8 3852.853626
9 4236.164368
10 6017.689694
11 3791.561452
12 4094.606192
13 3532.277801
14 6508.448641
15 2826.887171
16 4022.951847
17 3368.997683
18 5512.476179
19 6785.321158
20 4971.054907
21 1807.941052
22 3169.031054
23 3977.159007
24 3639.747822
25 7671.341985
