46592 0.5781
42496 0.841326
19456 0.605852
47616 0.603252
33792 0.64621
38912 0.581691
34816 0.584067
20992 1.48585
49152 76.6755
45056 76.1693
7680 0.618417
36352 0.605033
3584 0.634937
37888 0.608966
32256 0.601059
8704 1.40296
23552 0.613853
4608 1.77498
10752 0.593082
6144 0.587422
2048 0.67536
26112 0.608134
50688 0.571998
27648 0.593553
22016 0.857711
41984 0.597362
18944 0.615439
13312 0.633086
14848 0.589686
29184 1.33452
25088 1.53593
48640 0.603305
16384 168.29
44544 0.609478
12288 78.0492
40448 0.617633
35840 0.58794
17408 0.6696
31744 0.607804
46080 0.595381
47104 0.577917
33280 1.36213
43008 0.58254
38400 0.769814
5632 0.591113
39936 0.582746
34304 0.581484
20480 226.474
1536 0.701857
30208 0.591572
25600 0.611082
21504 0.618594
12800 1.28717
3072 0.612851
37376 1.37779
28672 83.5049
23040 0.597073
9728 0.594049
24576 93.1349
15872 0.610263
10240 0.594108
11776 0.609172
512 2.01231
7168 0.6009
50176 0.590134
27136 0.58172
41472 1.29272
18432 0.601301
19968 0.654241
14336 0.597221
49664 1.24745
44032 0.580806
45568 1.22197
2560 0.60442
36864 147.002
31232 0.579951
32768 128.827
48128 0.584397
5120 0.644418
39424 0.578194
6656 0.592716
1024 0.881749
35328 0.586773
26624 0.590888
40960 105.359
22528 0.609137
17920 0.602627
8192 99.5324
13824 0.589008
4096 173.901
28160 0.588925
9216 0.632496
29696 0.610121
24064 0.612232
15360 0.586626
43520 0.581891
16896 1.88871
11264 0.588336
30720 0.589108
