512	1.73629
1024 1.62233
1536 1.29907
2048 1.2318
2560 1.4382
3072 1.24214
3584 1.26951
4096 79.2224
4608 1.71138
5120 1.73696
5632 1.21394
6144 1.20425
6656 1.20065
7168 1.21132
7680 1.23576
8192 58.6264
8704 1.56739
9216 1.33509
9728 1.18608
10240 1.19473
10752 1.20448
11264 1.21824
11776 1.31812
12288 55.3395
12800 1.55885
13312 1.24342
13824 1.21385
14336 1.20171
14848 1.19952
15360 1.20758
15872 1.21731
16384 54.1738
16896 1.55091
17408 1.24961
17920 1.22787
18432 1.23214
18944 1.23065
19456 1.23203
19968 1.23114
20480 53.9968
20992 1.52603
21504 1.22392
22016 1.24426
22528 1.22764
23040 1.3303
23552 1.20524
24064 1.22733
24576 64.374
25088 1.59091
25600 1.22623
26112 1.32396
26624 1.2037
27136 1.20675
27648 1.20459
28160 1.21925
28672 55.09
29184 1.48156
29696 1.29091
30208 1.19156
30720 1.1812
31232 1.1785
31744 1.19684
32256 1.21663
32768 54.5587
33280 1.50043
33792 1.20715
34304 1.20082
34816 1.19453
35328 1.18148
35840 1.19544
36352 1.20198
36864 51.7357
37376 1.51732
37888 1.2053
38400 1.19529
38912 1.2855
39424 1.1824
39936 1.18059
40448 1.19606
40960 53.5919
41472 1.55555
41984 1.18299
42496 1.17477
43008 1.16992
43520 1.16391
44032 1.1669
44544 1.18767
45056 49.763
45568 1.43871
46080 1.17654
46592 1.16815
47104 1.17331
47616 1.16545
48128 1.84829
48640 1.23242
49152 56.5005
49664 1.47246
50176 1.17452
50688 1.16256